
###########Chiamata a Funzione TestIndex############
Punto 0 scelto: 3
Punto 1 scelto: 10
Punto 2 scelto: 17
Punto 3 scelto: 20
Punto 4 scelto: 22
Punto 5 scelto: 33
Punto 6 scelto: 44
Punto 7 scelto: 57
Punto 8 scelto: 73
Punto 9 scelto: 84
Numero punti: 10	Dimensione di ogni punto: 128
Punto n 0:	              0.00	              0.00	        1048576.25	           8192.00	              0.00	              0.00	 52776558133248.00	      805306501.09	              0.00	              0.00	       16777216.00	 13194141710336.00	              0.00	              0.00	              0.00	      805306498.50	              0.00	              0.00	844425065922560.00	  4398047599616.00	              0.00	              0.00	844425067102208.00	    51539616032.00	         131072.03	              0.00	        2097152.00	844425068150784.00	         131072.03	              0.00	              0.00	     4294968343.00	              2.00	              0.00	 13194141646848.00	    51539616098.00	       50331656.29	           2048.00	   481036403712.00	        2097152.51	 79164854771712.00	              0.00	      805306368.00	      201326624.77	      100663312.54	              0.00	    17179869184.00	    34359746898.00	         524288.13	              0.00	              0.01	         131072.03	  2199023799040.00	            512.00	         262144.06	        2097152.51	   240518202812.00	              0.01	844425065922560.00	        8388610.08	              0.00	              0.00	 21990232555520.00	     8589936729.25	              0.00	    60129550592.00	            512.00	         131072.03	              0.01	  1649267715104.00	     6442452008.25	              0.00	      805306499.38	       33554440.33	    17179873384.00	       16777220.13	   549755949472.00	              0.01	              0.00	       67108880.27	         524288.13	           2048.00	131941412454400.00	   103079232186.00	              0.00	           8192.00	492581278253056.00	              0.00	        2097152.52	             32.00	 57174613114880.00	      536871045.30	      134217761.49	              0.00	              0.00	    51539615880.00	            512.00	492581278998528.00	   549755949504.00	              0.01	              0.00	 65970706398208.00	     3221225992.50	              0.00	      536871045.42	      100663312.58	              0.01	         131072.00	           8192.00	              0.00	              0.00	  3848290697216.00	              0.00	    85899362528.00	        1048576.26	              0.00	              0.00	  4123169146112.00	              0.01	              0.00	        2097152.51	     4294968362.62	              0.00	              0.00	        8388610.08	              0.00	              0.00	      536870912.00	
Punto n 1:	      402653250.57	              0.00	              0.00	    10737418240.00	       50331656.33	      201326624.66	     4294968351.00	    34359746592.00	           8192.00	     8589936688.00	   137438987672.00	              0.00	    85899362816.00	             32.00	              0.01	              0.01	  6597070863104.00	        4194305.03	              0.00	              0.01	  9895606843392.00	  1374389807584.00	         262144.06	            512.00	         131072.03	281475046899712.00	        4194305.03	              0.00	    10737420356.00	  3023657522688.00	              0.01	       67108864.00	      268435522.25	        1048576.26	              0.01	 15393164948480.00	       50331656.37	              2.00	             32.00	281475044868096.00	              0.01	      268435522.05	 52776566636544.00	        2097152.51	              0.00	    10737420328.00	281475046244352.00	          32768.01	     4294968346.50	              0.00	              0.00	    51539615948.00	      134217761.34	              0.00	      402653184.00	  8246338290432.00	              0.00	              0.00	281474976710656.00	        4194305.04	              0.00	              0.00	281474976710656.00	             32.00	            512.00	            512.00	        2097152.51	    10737420341.00	         262144.06	  4398047589888.00	      805306499.00	           8192.00	           2048.00	     8589936709.50	        8388610.05	              0.00	              0.00	     4294968340.00	          32768.01	              0.00	             32.00	           2048.00	            512.00	 30786329874432.00	        1048576.26	 15393164962304.00	              0.00	 52776566661120.00	           2048.00	  8796095214592.00	           8192.00	         262144.06	              2.00	211106267217920.00	       16777220.15	              0.00	      134217761.33	   481036403200.00	         524288.13	   481036403776.00	   274877975456.00	            512.00	    51539615912.00	 48378520244224.00	              0.00	           8192.00	211106266841088.00	    68719493864.00	             32.00	      805306496.00	211106267054080.00	         262144.07	     2147484181.62	          32768.00	       33554440.19	       50331656.23	    30064775340.00	              0.00	211106267193344.00	              2.00	         131072.03	              0.00	211106266841088.00	         131072.03	     1073742088.19	              0.00	      268435456.00	            512.00	
Punto n 2:	         262144.06	              0.00	     4294967296.00	              0.01	              2.00	        2097152.50	       16777220.07	           8192.00	         262144.06	   274877974816.00	         262144.06	      201326625.48	   120259101088.00	             32.00	              0.00	    10737420324.00	              0.00	              0.00	879609436438528.00	              0.00	              0.00	              0.00	  3298534883328.00	      402653251.04	        4194305.04	              0.00	              0.00	 39582427386368.00	    25769808066.25	              0.00	              0.00	 21990236839936.00	              0.00	              0.01	 39582427119616.00	              0.01	              0.00	            512.00	        8388610.01	      268435521.53	      268435523.04	              0.00	              0.00	    85899362304.00	   240518202898.00	              0.00	              2.00	      201326592.00	              0.01	              2.00	              0.01	           2048.00	              0.01	      805306497.25	              0.00	             32.00	              0.00	            512.00	              0.00	   274877906944.00	              0.00	              0.00	              0.01	  3573413314560.00	    10737420343.00	    21474840729.00	              0.00	              0.01	158329709330432.00	   962072810432.00	              0.00	      268435520.25	   137438986752.00	   274877975072.00	           8192.00	    51539615940.00	          32768.01	   120259101072.00	            512.00	           2048.00	  1649267712896.00	       50331656.32	             32.00	             32.00	 21990236940288.00	   343597452024.00	              0.00	      134217728.00	    42949681352.00	 16492676609024.00	      268435522.05	              0.01	           8192.00	 70368761405440.00	      201326625.16	              2.00	     1610613001.56	             32.00	         131072.03	   137438987152.00	       67108880.73	          32768.01	              0.00	211106267176960.00	             32.00	  3848291217408.00	    42949681524.00	   481036404160.00	              0.00	      805306496.00	   103079232232.00	             32.00	              0.01	             32.00	        8388610.06	       16777220.11	          32768.01	              0.01	              2.00	211106267242496.00	              2.00	            512.00	 26388283402240.00	131941412724736.00	         524288.13	     3221225980.00	      536871044.00	        1048576.25	
Punto n 3:	            512.00	              2.00	              2.00	      805306500.16	   171798726144.00	              0.00	              0.00	      201326623.75	        8388610.05	      402653249.75	              0.01	       33554440.19	              0.00	           8192.00	         262144.06	           8192.00	     8589936732.50	              0.00	              0.00	    25769807990.00	105553133841408.00	              0.01	              0.00	    42949681152.00	      805306499.75	  3023657517824.00	     1073742088.88	           8192.00	              0.00	      268435520.00	 12094630085888.00	         524288.13	            512.00	              0.00	              0.00	 10995118374912.00	         131072.03	              0.00	              2.00	949978186104832.00	              0.00	              0.00	949978184155136.00	   171798726166.00	              0.00	              0.00	949978185728000.00	              0.00	              0.00	              0.00	              0.00	       33554440.09	              0.00	              0.00	              0.01	 17592190417408.00	              0.00	              0.00	   962072674304.00	       33554440.38	              0.00	              0.00	    12884901888.00	              0.00	           8192.00	              0.00	 12094630023168.00	        2097152.52	              0.00	              0.00	  2748779069440.00	      201326625.50	              0.00	              0.00	            512.00	562950093930496.00	              0.00	        8388608.00	      536871044.12	   962072809568.00	              0.00	              0.01	 15393164971520.00	              0.00	              0.00	              0.00	       33554432.00	             32.00	            512.00	              0.00	              0.00	   137438986496.00	         524288.13	  2199023779840.00	              0.01	     8589934592.00	            512.00	            512.00	      201326625.22	              0.01	     4294968352.50	      100663312.65	              0.00	        1048576.00	  4398047608832.00	     4294968361.75	              0.00	              2.00	  3848291246080.00	     3221225989.00	              0.00	              0.01	              0.00	     6442451999.00	              0.01	              0.01	        2097152.52	    10737420360.00	              0.00	 96757023244288.00	   687194903168.00	     4294968365.12	              0.00	562950090260480.00	    68719493756.00	             32.00	             32.00	       16777220.13	
Punto n 4:	              0.01	              0.00	        1048576.25	   824633856224.00	           2048.00	              0.00	        2097152.00	  1649267715968.00	              0.00	              0.00	           8192.00	  5497559236096.00	              0.01	              0.00	     4294967296.00	         524288.13	              0.01	         262144.00	      805306500.91	  3023657514752.00	             32.00	      100663296.00	    42949681462.00	     3221226007.75	      100663312.74	              0.00	             32.00	422212535074816.00	  7146826667264.00	              0.00	           8192.00	      402653249.59	           8192.00	    30064775305.00	          32768.01	     6442451986.00	    85899362464.00	    10737420362.50	           8192.00	              0.01	422212535287808.00	              0.01	              0.00	        2097152.00	 39582427377664.00	             32.00	              0.01	        1048576.25	              2.00	   343597452032.00	              0.00	              0.00	      268435456.00	    21474840766.00	              0.00	              0.00	   549755950272.00	         524288.13	              0.00	        8388608.00	           2048.00	              0.00	              2.00	   206158463808.00	              2.00	              0.00	              0.01	     3221225986.00	      134217761.24	   120259101272.00	              0.00	    51539607552.00	         524288.13	 70368761722880.00	              0.00	           2048.00	              0.00	  3848291239424.00	             32.00	              0.00	      402653250.20	     2147484166.00	              0.00	        1048576.00	 26388283452928.00	              0.01	              0.01	    25769807840.00	      402653250.59	 48378520356864.00	         131072.03	       50331656.25	              0.00	263882825543680.00	           8192.00	            512.00	        4194305.04	  4947803383808.00	              0.01	         524288.00	 17592190430720.00	              0.00	    60129550480.00	      805306497.25	           8192.00	              2.00	246290639110144.00	 19791213669376.00	              0.00	         262144.06	211106267234304.00	    85899362824.00	              0.00	       50331648.00	             32.00	         524288.00	              0.00	              0.01	  1099511896960.00	  1374389804544.00	              0.00	              0.00	 30786329905152.00	    85899362892.00	              0.00	              0.00	 57174613131264.00	      134217761.00	
Punto n 5:	   171798725056.00	              2.00	      402653249.19	              0.00	228698453311488.00	              0.01	            512.00	              0.01	   171798725912.00	           2048.00	           2048.00	         131072.00	         524288.13	              0.00	          32768.01	        4194304.99	  4947803421312.00	    21474840726.00	              0.00	     1610612736.00	 70368761714688.00	    30064775354.50	              0.00	    17179873320.00	      201326624.38	228698453504000.00	              0.01	              2.00	        2097152.52	      805306497.50	     1610612997.50	        2097152.51	      134217761.20	    25769808037.00	        2097152.50	    21474840676.00	     2147484180.75	         524288.13	       67108880.06	228698453549056.00	           2048.00	 65970706288640.00	      134217761.06	 43980473848832.00	              0.00	   103079231648.00	  1649267715744.00	         262144.06	              0.00	            512.00	        8388610.00	     1610613000.69	     2147484177.88	         524288.13	        4194305.00	228698453188608.00	           2048.00	     1610612995.00	    60129550556.00	   103079232176.00	              0.00	      268435456.00	     3221226001.88	              0.00	       16777220.15	              2.00	    15032387653.00	           8192.00	   412316929036.00	      402653249.78	             32.00	        8388608.00	      201326624.25	    12884904014.00	      100663312.63	            512.00	    30064775232.00	        2097152.52	      536871043.62	         131072.03	           8192.00	              0.00	      536871042.00	      100663312.41	   687194904600.00	        2097152.51	              0.01	    34359746560.00	 19791213588480.00	    60129550706.00	      402653250.23	          32768.01	   206158430208.00	        4194305.04	 87960947763200.00	              0.00	         524288.13	              2.00	              0.00	       50331648.00	        4194305.05	              0.01	        8388610.00	668503208427520.00	         262144.06	              2.00	668503204954112.00	   412316929036.00	              0.01	         262144.06	105553133604864.00	       16777220.18	            512.00	              0.00	              0.00	      134217760.12	        8388610.08	             32.00	         524288.13	    60129550504.00	             32.00	       67108864.00	    42949681470.00	     1610613000.06	              0.00	           8192.00	           2048.00	     4294968346.00	
Punto n 6:	         524288.13	              2.00	       67108880.16	      805306497.00	   343597451888.00	      402653250.41	      805306497.75	     4294968345.50	     3221225992.50	     3221226005.12	     8589936678.00	      100663312.53	      100663312.48	         262144.06	      134217760.44	        8388610.05	   687194903232.00	          32768.01	       50331656.11	    10737420296.00	  9895606842624.00	       33554440.31	              0.01	228698452721664.00	       67108880.40	  3023657522176.00	      805306501.83	     3221225994.00	         262144.06	     8589936693.00	       67108880.56	       50331656.17	  1099511896576.00	           8192.00	            512.00	         524288.13	   962072811136.00	              0.00	              0.01	 26388283392000.00	           8192.00	        8388610.03	   824633857120.00	   962072810624.00	      402653249.72	    68719493802.00	    51539615948.00	          32768.01	         524288.13	              0.00	      268435520.88	        8388610.06	           8192.00	              0.00	  6597070829568.00	  3573413338432.00	         131072.03	              0.00	 21990236798976.00	  2199023803712.00	           2048.00	              2.00	228698452819968.00	     1073742091.66	           2048.00	   549755949056.00	              0.00	           8192.00	     6442451989.00	  8796095190528.00	              0.00	              2.00	     3221225998.50	  3573413333248.00	             32.00	          32768.01	      201326625.40	         131072.03	             32.00	          32768.01	         524288.13	 43980473700352.00	     1073742090.19	             32.00	  8246338303744.00	  1374389805888.00	             32.00	            512.00	           2048.00	123145319763968.00	       16777220.17	              0.00	     1073742091.44	     1610612990.00	         262144.06	     6442451972.00	             32.00	           8192.00	  9895606834432.00	      134217761.11	         131072.03	             32.00	    12884903970.00	  7696582480896.00	              0.01	        2097152.00	123145319833600.00	         131072.03	      201326625.43	        1048576.25	     8589936723.50	    34359746624.00	              0.00	              0.01	    21474840745.00	      201326624.75	              0.01	              2.00	    25769807920.00	  4947803420416.00	              2.00	         524288.13	 28587306602496.00	   103079232162.00	            512.00	        1048576.25	             32.00	    30064775184.00	
Punto n 7:	   481036405688.00	              0.00	              0.01	   103079215104.00	      402653249.38	   206158464312.00	    30064775355.50	         131072.00	   171798725920.00	      134217761.04	        2097152.52	      134217760.59	      402653249.06	        2097152.51	   412316928480.00	           8192.00	              0.00	              0.00	              0.00	263882823958528.00	       16777220.15	  6597070855424.00	         262144.07	  4123169135616.00	  4123169137152.00	    30064775355.50	   206158463968.00	           2048.00	     4294968336.00	  3573413332224.00	         524288.13	              0.01	   481036405688.00	              0.00	              0.00	     8589934592.00	  1649267715168.00	         524288.13	      402653249.12	   687194901952.00	        4194305.03	     1610612998.12	 30786329908224.00	        8388610.07	     6442451993.00	     4294968351.50	      805306498.12	        8388610.05	  2473901708736.00	              0.00	           2048.00	        1048576.26	     3221225999.25	             32.00	  3298535407616.00	         262144.07	  2748779610880.00	         262144.06	    42949681320.00	       33554440.31	    12884903976.00	     1610612998.00	        1048576.25	            512.00	    30064775336.50	              0.00	           2048.00	       16777220.09	    15032387643.00	      536871044.62	              0.00	              0.00	       33554432.00	  7146826670080.00	              0.00	              0.00	      805306368.00	    21474840733.00	              0.00	              0.00	      100663312.76	              0.00	              0.01	  3298535411712.00	      536871045.44	   274877974752.00	            512.00	    25769807928.00	              0.00	  6597070848512.00	  1924145619008.00	              0.01	            512.00	     8589936674.00	      402653250.12	            512.00	     3221226007.38	              0.00	          32768.01	131941412593664.00	              0.00	             32.00	  7146826641408.00	774056326283264.00	              0.00	             32.00	774056323317760.00	    51539616085.00	              2.00	             32.00	  2473901694976.00	   824633855744.00	      134217760.84	             32.00	      201326625.11	        8388610.04	    68719493768.00	              0.01	123145319636992.00	  1374389805120.00	         524288.13	              0.01	774056323645440.00	    21474840694.00	              0.01	              0.00	  2748779589632.00	   824633856160.00	
Punto n 8:	              0.00	              0.00	   240518201344.00	              0.01	              0.00	              0.00	  3023657504768.00	             32.00	              0.00	              0.00	       50331655.94	   343597452112.00	              0.00	              0.00	              0.00	      805306498.00	              0.00	              0.00	914793807478784.00	             32.00	              0.00	              0.00	 43980465111040.00	      536871046.08	              0.01	              0.00	        2097152.00	914793814622208.00	         524288.13	              0.01	              0.00	   120259100736.00	              0.00	              0.00	914793809051648.00	              0.00	              0.00	              0.00	      268435456.00	       16777220.11	              0.01	              0.00	              0.00	   481036402688.00	            512.00	              0.00	              0.00	     1073741824.00	              0.00	              0.00	          32768.00	              0.00	              0.00	              0.00	              0.00	           2048.00	         524288.13	              0.00	              0.00	            512.00	         262144.07	              0.00	              0.00	              0.01	           2048.00	              0.00	              0.00	  2748779589632.00	        1048576.26	     1610612999.50	             32.00	         524288.00	              2.00	  6047315043584.00	         131072.03	              0.00	              0.00	   206158464128.00	             32.00	              0.00	   687194904560.00	              0.00	              0.00	    17179869184.00	527765651292160.00	        1048576.26	              0.01	    30064775282.00	         262144.00	527765651578880.00	    42949681450.00	              0.01	           8192.00	 35184380719104.00	      536871045.02	            512.00	   240518202816.00	              0.00	              0.00	   824633853952.00	        2097152.52	              0.00	        1048576.25	527765651578880.00	              0.00	         524288.12	527765650538496.00	        2097152.52	        1048576.26	            512.00	 32985353138176.00	  3573413331200.00	      201326624.38	              0.00	        2097152.50	              2.00	              0.00	             32.00	        8388610.04	       50331656.24	              2.00	       33554439.94	    68719493688.00	              0.00	      100663312.51	              2.00	           2048.00	       16777220.02	
Punto n 9:	      402653249.94	          32768.01	    85899362776.00	      536871044.19	        4194305.03	          32768.01	  7146826655744.00	    68719493762.00	    68719493770.00	              2.00	   120259100960.00	   206158464136.00	      201326624.77	       33554440.12	     1073742086.25	      134217760.80	           8192.00	         131072.03	158329709379584.00	      201326625.15	          32768.01	         262144.06	158329708937216.00	  7146826669312.00	     2147484183.06	           2048.00	  6597070837760.00	158329709256704.00	              2.00	      100663312.45	    10737420339.00	  3848291239168.00	   240518201984.00	    21474840710.00	    17179873388.00	       16777220.13	    25769808044.00	   343597451568.00	     8589936704.50	         262144.06	  3298535431232.00	     2147484176.12	        1048576.25	      134217760.38	     1610613003.19	  3298535419392.00	    25769808048.50	      268435522.14	     6442451976.00	      201326624.94	     1610612998.75	             32.00	   206158464048.00	     1073742089.62	       50331656.24	           8192.00	    17179873450.50	    30064775333.00	       33554440.20	     2147484170.00	        1048576.26	         262144.06	  6597070855680.00	      134217760.81	     3221225990.00	              2.00	    34359746756.00	              0.01	263882825056256.00	              0.00	   481036402688.00	           2048.00	 17592190395392.00	              0.01	    10737420288.00	  7146826671360.00	   120259101208.00	              0.01	              0.01	      268435456.00	      536871042.38	              2.00	    10737420337.00	          32768.01	    34359746704.00	              0.01	 32985348833280.00	         262144.07	           8192.00	              0.00	    68719476736.00	 48378520291328.00	         262144.07	              0.00	              0.00	  8796095127552.00	           8192.00	      805306501.86	           8192.00	              0.00	        1048576.25	     1073742091.72	             32.00	              0.00	  2748779617344.00	        8388610.09	              0.00	      268435519.50	        1048576.26	           2048.00	              0.00	263882825138176.00	           2048.00	      268435522.93	     2147484173.00	              0.00	    10737420296.00	    12884904023.00	      134217761.06	              0.00	 24189260103680.00	    30064775329.00	     2147484169.50	              0.01	           8192.00	     1610612996.75	    42949681328.00	     4294968344.00	
0.001
0.000
