4882	7017	3853	3487	5648	2724	7383	12	6459	3828
6938	5312	3310	2969	1568	7009	5908	7193	5068	6345
1732	1064	7818	3324	1110	6315	6769	2229	4283	3160
624	6227	4953	378	5630	7916	362	7081	439	6221
7595	3948	4267	7212	447	2245	6793	2327	1182	2575
1329	7124	6731	1058	5081	2488	3813	355	466	2181
6541	1230	4591	1735	4969	6060	6238	698	4410	6438
6888	7128	1386	3921	468	7648	2038	1345	1865	7676
5794	1666	7584	7309	5457	2944	6533	5795	12	1778
7176	307	6414	5211	5245	3109	5890	6148	9	4171
411	4481	5644	1831	6456	2820	6588	1207	1389	4298
4217	2817	2291	772	2275	7419	2097	1111	6175	6326
623	6067	7661	5438	5472	7805	2747	1996	6718	468
5269	2312	7271	7352	6504	491	4377	5239	770	219
6283	241	1161	251	4576	1357	2990	7508	5342	5988
2801	5704	5327	6723	4689	6932	5119	2132	511	7793
3644	3077	1512	5598	1367	2790	5804	2025	5702	2245
7004	4531	7698	5807	1864	7751	3272	1227	6632	6855
6711	6823	6526	2632	5778	2172	7613	4286	4084	2675
4881	2481	4555	1815	1604	6520	1216	2043	1960	6919
1803	5507	4688	3061	3570	3726	642	1440	7609	2214
7487	4875	3672	3123	5743	2486	128	225	3145	4973
1395	2788	2615	4102	395	6106	7957	997	5656	6429
3103	4919	6978	1341	1089	742	1907	7847	2861	3172
2874	3476	4310	4254	2866	1047	6237	4344	6186	1704
4374	4507	2433	3244	4862	2031	7780	3513	3003	6060
7487	1112	2486	1928	4875	7046	482	7834	3672	6984
3842	2274	1612	6149	6467	6124	2092	7836	1674	6017
3287	540	548	7706	1678	5761	696	6818	7218	4856
828	4911	2486	1891	2279	7029	4410	1022	5558	2290
2314	1049	5141	2141	1425	7454	7483	4276	2294	6834
1692	2795	4397	844	4261	7666	6047	7857	3950	2856
2806	2244	1387	4747	2175	5191	219	5866	4845	2988
2433	152	5131	5558	4495	5626	6263	1321	6839	3938
6639	5936	1042	3999	5602	3277	686	4750	6379	4098
7758	3110	389	4293	5432	3905	3490	1929	3351	2802
4005	7984	70	143	1300	1562	2027	7112	7400	1728
3295	7813	5231	4168	7425	5543	2170	4895	4929	915
3272	5840	1864	7004	5807	7751	3777	5595	1866	1321
6135	6305	5113	2305	7021	3821	2263	7457	2634	7155
3407	7793	700	4202	5704	6348	6691	6475	40	2193
224	1626	1690	4138	1320	3417	856	6915	785	788
2841	4130	6646	1464	3475	6830	1169	7310	6842	2217
7617	5694	7519	766	6818	548	3228	4856	973	4104
4347	6865	2586	3162	6251	2278	2988	3086	219	129
7965	124	7980	1976	7329	6266	4706	7837	2083	2177
405	7725	3099	6520	2043	195	1475	7869	1544	4343
384	6731	7885	3546	2522	5282	5019	4999	3813	7042
1754	5731	3619	1627	1902	2246	3431	7296	6608	7993
5496	1867	4637	337	3974	497	4702	5198	1793	7235
1680	278	2151	6943	6815	7899	7941	3163	5083	6038
3478	150	6821	3676	5647	6862	2498	5248	1931	3733
4779	7553	264	6927	1894	2262	6736	3887	1456	3657
224	1626	1320	3914	5585	7733	6857	5203	5302	3035
1743	3592	7709	7184	1296	5141	7866	4993	3623	5516
6275	1526	4046	1546	1623	325	6972	7602	4274	4282
6382	2073	5405	5572	1839	4261	5134	3501	7666	532
3252	588	5667	4988	3713	2339	7584	2626	2225	6836
3893	1514	6122	2083	6005	6474	1312	2389	5942	5378
3644	3077	1512	5598	628	4123	2790	2021	5804	2245
6282	3248	94	1475	1301	6605	1481	1342	2247	4242
1497	5563	7337	2383	6405	6343	3530	1493	1750	2400
5451	2961	4069	2294	4441	4907	2848	4558	6512	5057
2611	4907	4805	6834	2261	4402	7528	5360	3781	2141
5627	2522	5836	7885	1003	4512	4228	2460	5441	6604
5635	1457	633	3406	63	2913	1447	1421	4529	1419
2489	7031	3714	625	4629	7933	1629	5391	7942	6609
5409	1472	6416	3620	4651	6284	6147	7222	3685	4943
1883	4151	1723	1581	408	5687	7130	3885	7576	6356
2488	3498	7642	2714	5018	1923	1034	5282	3689	384
4129	5705	5362	4541	6415	2441	5859	6618	4112	5229
1893	3591	783	1818	3328	4377	4105	2965	5995	7710
3354	6663	2809	6679	6008	4924	7904	2076	2531	2373
6151	5870	30	5441	7020	5748	5252	1005	4546	4477
1324	4791	4017	2445	7458	7697	6425	6571	2791	107
3655	1370	4393	4700	3043	5832	5146	408	7293	1826
2231	4011	6265	2249	3338	3472	3102	3358	1131	5900
984	158	3093	2819	6470	4819	6403	7816	7214	5089
7873	2477	7950	6038	7659	4934	2760	4141	1678	2151
189	2317	4032	4900	6110	5391	7479	1384	4956	3325
6034	7501	2292	5754	359	2895	81	7315	5575	3031
7632	5348	6379	989	5544	3619	4211	5091	90	4076
1561	4856	548	7469	7544	5694	7743	7617	2286	4112
3986	5319	6503	5775	3745	3056	1879	3608	4837	5576
1036	7534	7355	171	6591	594	719	886	2993	4636
2209	4332	1595	1786	3567	7005	3907	2220	5565	456
3090	5048	2162	5872	7773	753	6068	7271	7548	1762
2017	4452	1113	3523	4245	830	5906	2211	5167	7327
1210	2835	3187	4034	3251	915	1487	7596	2598	7554
2390	4214	3903	2190	3130	2203	1786	1595	4332	4524
4542	54	3591	3462	5572	5788	7710	7211	1893	6325
4555	3619	4428	3470	6847	5133	1544	5006	2648	2429
1717	729	6332	2642	5280	6732	3158	5072	1830	3276
2047	450	1206	6987	6436	7404	863	7260	6035	768
1868	379	1563	1050	2005	360	3124	3179	1551	1830
2120	6128	673	5598	6944	6441	5866	3099	5079	7840
3618	5924	672	909	1674	5461	7411	5558	701	7449
4468	1060	7523	1345	4956	6617	5196	1436	2975	1427
4793	4867	854	7376	6110	7513	189	3780	7518	7745
3011	580	3889	4898	3891	2301	6608	3898	1250	679
776	3925	6416	1982	3268	5409	2447	5074	4043	6171
862	5925	3993	7868	966	4846	7410	2056	7021	1946
4893	2057	2906	6635	201	7890	1645	4112	5946	1022
3055	407	1749	2618	1757	7028	3938	2210	3641	6469
4187	6656	5240	3193	4631	4590	2437	7934	7681	3381
145	2057	2906	2852	5165	5737	1191	5410	2885	1668
6202	2289	229	3976	1855	6779	1620	1869	7842	5622
4104	5067	3777	1864	5054	6644	5595	6818	5263	3272
808	4954	5111	2366	7915	891	4991	27	2860	879
609	6785	741	1665	1457	4947	4437	3205	4738	1688
7610	7182	5840	7465	4273	6999	1268	7066	3818	1321
4854	456	2273	1712	3464	3076	1189	1374	6363	3271
7333	3519	6680	7670	509	6906	2817	3364	5970	729
3216	2297	5171	4147	5716	5951	6198	961	3288	3622
3945	7442	4843	2196	7530	3552	7181	7114	4079	2453
783	5443	4959	3588	6366	372	6566	2058	3106	4747
1394	3819	694	7545	4779	7553	7376	957	2368	1400
3389	7881	2863	5372	2673	7154	1366	4916	3476	5902
2555	2175	5647	6821	6862	120	5290	3894	3912	3688
1546	1526	1623	2913	6972	7893	1822	1791	3795	6865
5146	152	7251	6065	4687	1975	2515	2433	3885	6642
2716	7674	7122	4995	3290	3393	6039	6873	3668	2808
2683	6897	7575	7651	1461	7973	2431	4083	7958	6507
2423	7488	6591	5648	6500	1924	1158	7358	2412	2949
2151	7702	546	7899	5401	7573	3742	7910	6038	83
3153	2355	6528	6781	5596	1153	6837	460	2901	5981
5835	6835	5257	790	1233	3797	62	3025	4378	289
5818	6464	1495	4646	874	1329	2233	355	3689	4438
710	3816	661	644	4794	7696	5883	1298	7146	579
7944	5455	491	2413	1607	1598	5516	7904	7158	6331
5617	4114	2639	762	5398	6333	4254	2316	4246	1625
6594	7260	193	6991	326	2219	4109	3548	794	2307
4651	258	1517	3568	1472	4334	7941	5813	3742	6284
6524	2286	2220	924	548	3228	3629	3272	3186	1473
3936	4025	6942	2010	1429	3099	212	1475	1122	7717
6110	4900	7972	2667	1384	3405	1162	7942	3341	1956
4008	86	5706	4271	6884	7457	3065	1360	4707	7155
6793	5842	425	4169	645	4959	4796	2450	3828	4461
4218	2681	1189	7103	2542	2393	2835	2051	50	4854
4034	915	5566	5368	1073	5774	463	3694	2979	3348
7164	1456	2843	6927	5164	3003	6087	100	1886	2262
1544	5114	6847	5093	7174	5154	4829	5348	1614	1815
2514	5350	7366	2064	6811	6583	4484	2525	1030	2849
5476	7034	592	1092	7841	1618	7779	983	4647	962
1487	3375	2726	1210	1790	4034	2273	3271	4485	1712
5083	3001	1590	1460	7631	721	6447	189	3399	292
1998	4612	1400	7545	3272	3777	1864	2822	1866	6664
6007	1468	4418	498	5262	6591	6608	3891	6797	5648
890	144	2749	181	1041	530	5716	4593	2084	5112
91	2842	5486	7393	904	7597	2007	1709	6669	4020
6430	3323	1124	7675	6823	6395	84	3351	7843	4314
6178	6295	3752	3977	119	2682	5893	1977	5429	1680
4570	181	530	7513	7330	7054	6463	5739	914	147
2483	1719	7331	285	3599	2641	3642	630	5406	4744
2565	6001	3313	7261	7480	4050	3938	5237	7439	2210
2547	3101	2298	218	6410	6784	5529	2023	7811	6450
5563	6343	3530	1493	5104	5983	5754	2076	7552	2319
2674	725	4182	1964	1116	3985	1700	6148	4077	6899
905	4631	3942	3974	4384	7681	5240	6420	1033	6701
4701	7079	7893	1421	564	2913	3916	5635	3795	316
6050	3124	4339	4445	6134	7268	1030	6454	2525	5072
4590	5240	4173	6672	3193	4703	7934	2579	2437	2324
6326	1062	4249	5908	7479	6293	3129	3818	6936	1057
2893	215	718	7294	4428	3470	6220	3680	3361	2793
5584	5369	581	2979	449	575	7399	274	4741	2160
5261	3161	6807	7548	7271	2619	6068	4025	6970	1491
7372	1294	1407	4927	6367	328	3947	6401	7115	3426
6228	5650	3409	6278	4996	7069	1145	2509	830	1536
3098	7970	6676	473	3854	5126	3857	434	6116	5268
1039	2591	6675	6717	2905	7322	2399	2688	1304	6551
531	3172	44	5821	4025	4270	5756	5107	1545	2672
7899	4667	7086	6038	2151	83	7702	3741	5739	5401
5908	250	3228	7617	4382	7544	3186	3629	2286	169
5094	5068	2970	4339	7987	4315	612	7659	2431	4934
4754	3518	5438	7523	2164	4930	623	5074	1392	1388
5606	2569	516	4405	2810	6125	6767	6432	7754	6355
6799	7251	3885	1566	2568	2170	4316	3313	5730	3302
5165	6635	2906	4331	1511	4495	72	3949	2057	4929
4117	4402	2261	7822	4450	7528	1098	4907	221	2611
540	4247	4291	6485	7284	6692	2686	358	1324	3287
3367	3620	1392	5812	6067	4194	6412	7661	6789	1408
3849	3593	7248	326	4731	5424	193	4109	950	6991
776	792	4088	1376	774	7032	6416	7661	3268	2447
5869	6391	1699	5201	5229	2121	2234	1300	7193	7697
4058	451	5215	1750	5645	410	5292	6273	7755	7023
446	3357	3443	1573	1974	3774	3602	2034	1683	3334
3338	648	4985	656	5279	7471	2892	6580	339	3434
1364	2602	3822	5509	1483	193	6991	950	7393	794
3653	4288	2229	2805	919	7185	2988	3421	1835	4611
6357	2311	2730	2764	6622	961	6910	6215	4637	2904
2135	2537	618	1221	2139	393	3912	3106	1286	5722
4576	7855	1747	6407	5939	1578	3132	382	5919	4881
7173	5599	2132	7744	5	3164	4895	1343	1685	6403
607	721	256	5	7189	4541	6247	1088	1037	3818
2287	2771	1624	812	3313	7388	3946	5543	2937	6522
2341	5170	1604	3632	778	5047	7291	4901	1918	7211
1031	7769	3471	6221	4447	4768	6335	7809	7957	7896
637	3240	2469	6724	5938	7492	7392	1605	5941	2550
6697	4627	5647	2083	6862	2786	6821	6106	5907	3733
2632	4696	3929	6711	5778	4602	2172	1074	5740	462
3076	7971	6356	7318	4591	2894	4878	698	7449	1790
1355	5796	4038	7490	7971	2088	1078	3119	2361	4974
4201	2039	1719	5394	3684	5437	6273	1382	2221	5779
358	4765	3846	58	7284	7234	2991	5330	3455	2441
3013	1295	6429	6973	997	4131	1980	2322	3149	2672
3251	5062	1363	4269	5005	1638	6625	7877	4215	4140
7358	4271	6504	539	4707	886	219	1635	4936	4833
28	7724	3302	3549	7449	2979	1910	6745	2092	5039
1391	2559	309	6639	5602	2840	4750	4823	4399	7913
6829	5467	1328	3462	4039	635	5669	3516	7756	5759
5673	4123	4513	3812	7396	3077	628	6893	483	670
5433	763	4823	4736	4565	6099	2109	7185	7155	2128
6436	578	2350	863	7404	678	4625	5321	3822	4910
603	4574	7343	1964	3109	5211	1802	728	1700	4795
1106	5182	1397	5787	4613	1256	7927	3561	3591	2502
5621	7394	6307	6057	3248	4152	7488	3948	4865	5890
4460	2844	970	1077	7072	3869	6869	4203	4184	7689
7736	2045	4602	5427	5778	2966	6035	4606	1181	2936
5059	6383	5355	604	4801	2868	1788	377	921	3061
4944	729	1062	3964	6936	6856	4292	7527	2218	5072
2705	3349	4009	1067	141	7828	3792	4647	4209	5944
2497	7751	189	4392	1398	4806	5190	2545	1915	7573
1258	28	996	1910	2509	4598	6467	6017	5039	7724
6303	4927	1958	3191	5884	7721	1102	512	1793	2324
7194	4958	3740	7869	432	3912	3260	2182	7061	6862
7128	626	1054	468	3921	1386	1436	2465	7648	3320
6816	6797	3933	498	5118	1468	5919	5648	1311	4576
4548	1047	860	3476	6078	270	3662	4080	4254	6997
495	4478	4928	2947	5912	3688	5102	3748	2586	1221
758	5314	6706	354	518	4105	7979	1851	4665	783
3202	3875	6351	5458	1848	3784	748	3899	6606	3335
6700	4473	1806	6988	5825	3106	4182	4259	1918	1700
2770	6583	266	7175	5072	5958	572	1030	6050	5865
7877	7829	4129	6301	2924	3488	1142	5167	3629	3228
1199	6086	2247	6125	5994	6640	1441	2731	2094	6241
1119	3516	7606	3950	4105	5261	577	2028	664	2790
6017	7763	979	4185	6762	7261	6745	1038	4207	2792
7753	1564	2574	3138	1542	1102	1028	6672	7749	2579
5578	1934	6654	7452	1281	4860	302	5319	2358	7346
7582	2706	3104	4920	7777	6312	2713	1339	2459	5834
6260	6867	2884	1252	5771	2107	1816	2864	3990	3416
6717	6675	2688	5356	1596	1211	4586	822	5092	2399
6587	6819	3773	1808	4692	730	6079	564	4237	2375
4843	4529	3945	1419	5605	6588	6946	6941	6948	2375
5714	418	4683	2956	5538	7177	4698	854	1576	7222
2383	5500	1750	7265	5983	2518	7515	3363	5563	4230
241	378	5223	4479	7125	3790	5118	5359	6899	498
7199	7762	6514	2820	6941	5233	702	1831	1688	1419
5193	3844	7984	3028	744	2031	3096	3513	2546	6438
2730	5434	2311	2608	1756	6357	147	961	4702	2904
1744	156	107	5034	4911	4140	6356	4305	2388	7145
6996	3952	4605	3338	3401	5663	2892	5652	6573	7545
2653	3253	7155	6313	4763	5529	5022	7370	4565	6032
449	201	7399	2057	3766	6635	2906	4331	3777	6917
7151	6550	2249	1845	6433	5017	6947	2007	2676	5050
304	32	4516	6017	6166	1975	7763	6641	5506	3806
6249	4864	5603	3791	7733	4674	3283	7332	7045	410
7868	306	535	5147	3576	5795	3240	7546	791	5541
6099	5640	5433	7913	4211	1681	2093	3462	2263	1832
3546	6891	4999	6464	2881	3689	2233	1339	874	4638
3123	1928	7046	7487	4875	7376	4780	2368	4723	7633
172	6958	5116	4768	3014	2877	351	2048	432	3983
7673	5306	6850	7696	5102	4197	7660	4304	644	7045
7192	5457	7309	1586	6709	380	3007	4615	5073	4236
6314	6521	7496	2802	385	3650	2316	1810	6327	4439
1136	6622	5434	961	2764	7872	4637	6813	2904	6910
78	4849	2706	2510	5834	3373	1923	4920	7582	6219
2918	7197	213	2388	274	6041	6525	4149	5337	1128
4315	7175	3410	1824	1769	870	7659	4934	2005	7607
3813	6731	2522	7885	5836	5643	384	1833	5282	3126
4229	4747	2635	372	5151	2428	1114	523	2626	3633
2333	658	7653	5962	5634	1190	1240	3906	626	7529
58	4765	7284	4935	1133	1079	3080	7234	1768	3742
6460	2322	6807	245	7050	4093	3688	5766	5178	5677
559	2306	6974	6755	725	344	9	4926	6414	689
3805	4309	5699	6175	1977	4180	4264	3444	7376	829
4505	106	211	4490	6297	7280	2506	2685	304	5815
1292	4740	5763	6245	2508	5280	3525	1779	6276	2791
4315	2765	7221	3179	1563	7619	7835	6748	3555	4445
1910	3549	1612	7537	7411	6149	6017	979	2598	6467
2461	216	5598	4718	5702	150	422	4650	2176	3344
99	5638	5211	5890	6148	4901	5105	4182	5006	673
2464	24	323	5282	3689	5422	2488	6891	1058	6842
852	5523	6783	2866	2392	7953	1351	7723	6337	3811
777	1113	4452	6625	7426	6750	5906	4351	4017	7588
4758	5929	5132	1539	2597	6176	3245	5897	6085	626
787	183	3061	1803	4776	4143	5234	2025	7484	532
7623	1860	1560	7878	6884	4707	1428	5706	1743	3420
5926	2448	458	7396	7525	1691	5597	6596	5858	4036
4460	6850	726	2844	970	1881	4489	4184	6653	7689
7948	1414	6235	7161	3723	1401	3394	2495	3355	377
6686	93	3932	1749	6650	3049	4032	7247	1699	2121
2049	1293	4531	7004	5680	4996	1145	5046	4551	6011
6492	3303	432	4650	3912	1301	1199	6282	5554	3869
765	6897	2683	7739	4149	4879	7092	5911	5580	4612
4331	831	201	7004	3796	4140	6457	5034	7836	1473
2470	1672	5577	5248	3445	507	6224	4734	655	4771
1729	874	3701	323	4999	6464	5422	5282	595	3689
1356	7573	4331	1864	5859	7633	3946	1227	3777	6457
233	5459	2818	203	7170	2429	5931	3088	871	2963
2596	1381	6183	551	5978	2823	4822	2178	6500	5341
2186	3975	4901	5079	3950	1604	5170	4227	1692	1918
2632	2172	4606	5778	2936	5119	4084	5985	7784	2967
7336	6770	734	4673	3387	6544	1600	4148	4597	2342
6178	5429	1172	3977	3752	6295	7286	6110	2682	5863
305	7461	4364	5893	1905	3752	5042	1263	7906	1503
6716	7827	2299	1834	3509	7192	6258	4744	3793	7127
2283	2474	404	6125	6241	2247	6282	6432	3585	5899
643	6296	2621	4242	2856	6605	4285	5586	2247	3072
2319	6287	6930	2141	7866	7454	1025	6140	41	7147
2285	6754	6337	2316	5937	1625	5691	4246	5432	2742
216	3638	5918	2245	5702	425	5598	2461	6347	2009
257	3708	6480	2840	7051	4415	3878	4000	4283	372
6287	182	6930	6140	1831	7454	2141	6509	5644	3749
1704	5778	2396	632	1351	2632	7260	4246	4293	6422
1144	4115	510	5469	4005	721	825	1909	294	1653
3456	750	5981	6580	6542	2804	2901	3672	1052	5099
2521	5568	5602	5386	4750	1452	4861	2672	5844	974
4693	7923	2146	6698	2710	185	3375	225	4204	5796
3078	1025	2090	7866	7147	2141	587	7762	1389	5233
7901	3748	4473	1806	3982	5912	6432	2947	4928	354
5078	1284	3487	4154	4271	6504	4882	3520	6008	206
4470	2354	3132	1657	3539	4027	1974	718	4718	6307
4564	555	7023	6804	7045	410	6931	1027	5645	5215
13	2612	1541	4152	7125	4641	6880	4444	3035	1871
2859	3128	1679	3096	4199	180	3513	901	7802	640
1233	2162	140	7441	3025	887	5257	5835	67	1096
7501	374	6034	7694	2312	7271	4192	3824	2826	491
5571	3775	5608	4784	5458	5604	6351	7154	4982	5976
5189	7861	1836	223	4707	4833	7927	1036	3065	5002
2594	3896	1534	1353	588	788	2807	2490	6453	5088
189	2317	1352	1915	500	6999	3850	4166	7479	4032
7866	4746	5475	325	3749	4993	1025	2809	2141	1049
1353	2594	6846	2654	705	3896	1056	240	2469	7639
3068	2561	546	6818	4104	7264	5054	6644	159	7016
5380	2688	1304	3798	2022	7104	6869	3663	2124	6649
1708	6599	5748	5441	2395	6125	5836	5586	7726	3693
2783	3605	4114	5691	3388	6337	6333	2987	1625	907
7851	5805	7368	6016	2438	7029	3799	7209	694	2599
7268	940	2534	7646	2544	3718	4389	6708	7745	5042
3025	7344	2010	4025	6688	7773	7840	6068	4569	1491
7292	892	1589	566	4921	5868	559	401	4097	1925
2826	7225	5788	7729	2312	2942	212	7271	6688	3591
2222	6822	3257	4888	4101	6753	6263	4273	5201	7164
7272	138	5139	7534	7552	6206	5742	3623	3645	6248
1098	6079	7740	2023	1325	6587	3773	637	641	1808
6847	1544	4428	4227	5006	3470	3950	5133	3726	7666
3565	4357	1579	1713	5223	2814	1602	6269	1690	1588
7779	4337	1092	1676	7841	5384	983	835	5219	7034
1298	2474	2283	404	1346	5392	525	4857	5047	3787
5096	4031	303	456	2486	2664	5923	4316	2979	4410
2334	572	2100	6134	7527	5324	7835	5072	6936	4292
5201	6391	7423	5229	7193	1699	2121	5869	100	2234
6077	5133	643	2856	1839	5827	7666	1852	3705	844
3878	1788	4572	1492	4747	1951	352	1119	6710	2537
411	4575	6509	7454	1223	5644	1831	654	4993	7184
4084	6433	4286	461	2866	2172	2105	5985	2007	3428
627	1028	4786	4637	7749	5496	6255	1002	5198	1102
782	452	5558	6375	7377	6630	1476	1448	4284	5591
5255	6405	4347	7408	3527	960	4162	6865	129	3162
54	4118	5788	286	7571	1770	1429	1504	2010	5152
2312	2942	5788	7773	5261	3591	7225	1278	7571	3590
669	1241	6643	3654	6697	4072	5278	712	2808	6540
3429	2459	6988	6700	7959	4865	1782	2247	6791	3087
28	3302	5039	2979	2640	2509	5202	7724	4394	8000
916	2668	5789	1489	5900	1131	3168	2732	3811	4950
5676	231	2233	3871	837	3581	3492	4438	4512	7314
5829	2016	4133	4025	1122	5955	2010	7096	5961	6064
7949	6647	4626	481	5249	5052	3359	5731	5744	1298
5307	5752	95	6900	4736	3684	4201	7185	7634	6275
6001	2565	4417	256	3313	3969	7439	7815	7069	6468
187	3370	4665	3863	4105	2965	2687	7765	4715	2948
7155	4271	4534	832	2263	5002	4008	7457	86	4229
3501	4330	2003	2048	4444	3516	6139	1871	1245	1332
5368	3887	5774	6087	4034	1844	7164	7029	3348	2836
4917	698	4591	7449	652	5924	3121	6238	2031	4969
1132	5457	4236	7309	5576	6273	7930	2762	4936	7196
6958	6258	3261	2868	1988	6990	2717	109	4266	318
2338	3887	5414	327	5230	1416	2668	2885	2057	5946
3135	4920	51	1502	649	7943	3134	5124	3241	1003
6365	4275	7020	5441	3281	3606	5748	4933	1129	1003
7440	7660	6804	3041	897	4021	7045	5306	4460	7202
2101	6884	4924	7682	3354	7861	5877	6486	4707	5706
3178	7902	1483	6991	3548	995	3267	1575	326	2307
3827	693	4230	7515	6007	1468	68	7078	886	1161
65	830	6052	7388	6781	2598	4410	55	5072	5769
2517	5720	5103	4864	3109	1463	5603	3285	330	7817
6260	7420	7570	7917	5222	466	5282	6440	1252	7042
6591	7358	3404	1465	151	6816	206	4134	4176	6007
7530	3552	7442	2196	4079	6679	5706	6663	6884	4575
6982	122	2527	6556	3540	6414	1283	4901	3748	1332
6230	3112	920	5997	5308	6070	7862	7721	4755	5087
2906	7890	1413	5626	5642	3759	7968	201	6628	1864
562	4583	432	3631	1316	80	4792	1925	7437	6360
4493	1788	636	3878	3516	2025	2577	5234	532	3594
1826	4700	7797	7293	835	3219	3859	1434	408	2378
1774	3824	3765	7501	7084	7637	2200	7265	1213	5178
4650	1841	2009	3248	1979	7729	5598	1367	1991	6307
5795	7546	5925	7868	306	5147	2660	7410	3993	5151
5061	905	5198	3906	2757	1249	7749	4932	1240	1028
5147	6734	7546	3633	5795	4640	1260	2133	2943	7931
4880	7631	638	660	2151	3297	5190	1915	3946	6524
2493	5385	4234	3496	7005	6164	2890	7129	4982	825
4393	3885	5202	4979	5854	6799	2811	7971	3244	717
4141	6609	4903	3714	7031	4584	6038	2489	369	1408
5461	7698	7968	1864	3777	3759	6917	7751	3572	3155
6579	6216	813	5056	2622	1641	6026	4846	1478	7796
998	5359	2661	6880	6479	425	4945	917	1980	3461
7114	5553	7181	6141	4090	2166	7137	1714	646	3561
2995	1827	3809	3581	5676	346	231	2496	2125	7256
3355	2411	1878	2406	664	7080	5597	4559	6366	7415
1653	1411	3786	3959	4199	6547	5491	640	3845	1013
5862	1822	1053	2935	953	538	1049	587	1419	3795
3916	7602	7760	1688	221	1419	5233	4692	7822	4529
7151	5260	2962	6947	1210	7431	6691	5565	5232	2775
5560	592	5808	2342	4647	7034	845	5476	6544	7807
6466	7827	7546	2487	3621	1632	7409	7185	218	5712
6228	6278	3409	155	3223	583	7274	3826	1503	3080
1244	4518	5225	918	2866	6577	7953	3502	4199	6337
4429	1337	565	6565	3799	2017	3930	830	6771	4351
5772	6539	3093	756	802	3943	968	6681	1085	984
2781	5921	666	2569	3798	7905	2663	3353	6151	1441
698	7449	4591	7425	5998	4207	14	3532	1411	1038
724	687	7750	6041	145	4168	6457	2193	3796	449
4230	1773	68	7515	1750	897	7085	7202	5494	823
3312	921	643	6775	4820	1371	6296	5892	3209	6324
2612	7194	2429	7125	559	7391	4627	3680	6373	5569
159	7494	2570	1488	4780	7487	973	7633	2100	3760
318	4543	6990	7331	5346	7849	2073	2717	6382	5602
624	1692	362	7081	1347	844	3234	80	4447	3152
4493	636	2263	2634	4745	1818	3462	947	7436	919
6282	1301	6241	2247	6125	1399	2898	261	6144	1199
2233	4438	355	4512	5676	4610	6969	3871	2488	837
1140	3894	7351	7963	7620	2458	7900	2240	2117	1859
6859	7398	2841	2217	4130	6727	5555	683	6646	7397
444	868	3032	1434	5616	3219	4240	31	1861	3415
4569	5955	4270	2318	1256	5367	1122	6688	6942	4025
15	6532	1024	7512	7759	805	2705	4125	7867	1529
1029	4664	5543	7744	5216	5599	4168	2013	1271	2565
6677	6592	3666	1789	5325	834	7595	7609	3175	2582
470	7277	878	6745	4448	2832	7190	1790	804	6308
3778	3554	677	5431	4774	1777	1352	3641	4472	7240
2580	6305	3821	2133	966	6135	4846	4137	3972	1478
4058	2403	451	4236	1750	2983	6273	1490	7265	7755
2668	7734	145	2007	79	7197	916	2739	2842	5165
5114	3417	1401	7204	1690	1	1693	689	2481	6347
3917	627	5326	337	4233	1028	1033	5681	4637	7235
2932	4261	5777	5890	1466	2795	1367	4343	1839	2354
1424	1042	5936	635	3874	6796	3851	1698	4747	5810
5204	2781	532	2577	4041	4909	5921	5234	516	3061
6358	5808	207	3562	5560	2203	462	1051	1600	1538
3264	2274	5352	4791	1083	4934	3414	7425	7659	2237
5650	6228	7069	3409	2509	6278	830	7538	6644	5054
2550	3205	7740	1934	7147	4502	240	3621	7409	7380
5911	2650	7782	7395	979	4806	1910	3047	3549	6137
1868	5099	2804	6580	6542	379	2892	1551	648	5981
372	4747	523	3878	1788	1818	7598	3516	4446	3590
2265	153	1990	1786	1595	4332	2147	7476	7221	3555
6437	4254	2673	485	3548	1929	2307	5633	6594	5617
1380	5979	5820	2993	4642	1614	7622	4265	5470	2746
2152	7810	2995	7735	5018	2181	3813	5771	2662	346
3791	5603	3347	3322	5221	728	2923	5102	7817	3283
397	2168	2630	5700	1529	1024	371	1124	15	2679
3615	3110	7675	3351	1794	7759	6564	1929	4654	5432
4674	7781	3791	2947	4455	4864	1761	6249	3717	5603
5591	7468	6388	3981	4888	1977	5725	5220	4410	6263
119	2600	5197	5893	1889	3752	5162	3409	7714	5218
7954	2636	5494	7660	5306	5915	1415	5768	5907	6279
7450	4762	7735	118	1201	6953	6039	7688	7810	1301
1037	6126	1757	2545	6904	6291	7286	7069	7677	7823
1265	4956	3880	2741	6617	5228	4620	7618	2579	627
3954	4585	7128	1240	1648	5053	2849	1865	2747	1054
4894	3851	4377	635	5389	3516	5269	5844	6108	3591
649	51	761	2476	2621	368	5561	4920	1099	6780
6313	5022	7155	6586	711	2171	6504	6032	2101	7927
6061	1089	3677	5675	7847	728	7347	974	7515	5623
5173	6381	1625	4404	7759	4628	5633	1794	4654	3428
344	1506	6986	4773	2248	1658	6796	5658	3869	6492
2077	4601	1216	1782	7900	3688	7050	2481	6394	6359
3016	3238	5897	1498	5880	7572	97	1539	4066	656
6455	3139	3283	7045	1802	1535	7932	3089	4352	386
3455	3069	7977	3426	7972	1749	6401	6384	3341	328
6789	6182	1936	3141	6759	3620	338	3044	4904	1408
5111	1886	2366	2401	7915	7555	6751	7549	3348	5639
7025	2386	5438	1060	7523	5867	873	2018	1542	4956
3524	5366	4466	945	2702	6134	1823	5008	6936	5136
2747	623	1752	1648	1996	1865	1386	3763	2849	3386
4766	6866	3212	3149	6489	5978	1980	551	4131	2629
4597	2086	3562	6358	5560	7925	3387	4368	1610	3864
4685	4182	7396	1918	4036	6561	1328	5325	4901	5632
2608	625	1756	1777	5431	677	162	5893	3386	3803
4835	1857	6532	7867	1024	7759	15	3746	4125	397
7113	4826	7815	6398	5387	6442	6203	7636	2852	1854
3214	7250	1453	3539	7057	5262	1468	382	3891	6007
7943	51	1502	3134	649	4350	3135	3637	1003	959
2577	4919	1341	5234	6978	532	742	2528	3722	1286
2003	4330	1245	3891	1046	7332	7561	3501	6608	4444
4698	7032	2956	7838	7222	5538	4515	7493	3583	5253
4234	2791	5545	1837	2493	4982	5471	7129	7877	5039
5816	1888	5904	566	2372	2397	7776	4560	839	1385
5197	3955	181	6038	1202	1939	4932	5162	3336	7135
7968	7465	7182	793	4410	1400	1268	5595	4888	2401
1186	5960	2738	7748	1110	3160	3324	1123	504	44
3099	1475	5598	2120	6944	6128	6558	6307	1126	5866
2881	5441	5748	5836	2522	3526	2526	2460	6953	3018
6173	2256	5084	4090	4797	7323	1071	2166	125	1199
7712	5016	2994	5005	4305	2791	107	1336	1437	7836
1807	5591	5807	7751	1823	3759	1227	7004	2290	5446
3863	3370	187	5084	6165	4375	1391	2552	2406	3265
6436	3822	794	7404	863	3178	3548	2047	768	6594
3357	446	6077	2459	6743	3443	4752	5561	3429	5945
7654	4930	4562	6863	7115	2741	4751	2089	4173	6678
1921	6591	330	5023	5399	5648	917	3171	5636	6479
4089	6795	7624	341	5508	7247	7532	7536	3536	6341
2536	6533	5188	4455	5302	5292	3530	4757	4788	283
7574	5656	7060	2985	840	7884	365	3835	1986	3050
5970	4249	7941	7910	5601	2545	407	1702	6805	1757
828	5202	698	4591	7968	2979	7318	7449	4969	1821
2091	6252	1420	3268	5698	776	3506	3797	7177	1724
7953	6337	995	4404	5806	1764	2307	6189	161	4912
5606	3480	2569	6355	4489	7905	2004	2329	4690	5555
7679	3676	7869	6862	5647	6821	3248	3087	3787	2998
1322	6365	6821	6862	5647	3787	1763	4546	4787	6102
5967	5965	4165	7613	6803	5760	6317	1494	4231	1863
5502	7210	7536	3529	6795	2046	5478	341	93	3536
974	5675	5568	5188	670	7196	5107	5191	1776	5325
3316	964	3572	465	2234	7573	7069	2130	4908	1555
794	7404	4157	863	2219	161	2350	4314	6436	6594
5414	3754	4212	2982	5946	7465	2401	5230	3348	5279
5053	3906	3582	1240	477	6386	6813	5061	1308	905
5081	1058	4438	4512	6604	3871	837	2233	231	466
7817	5021	3717	5669	5103	6558	3487	6199	288	5971
4513	4812	1371	4902	3894	7488	922	6743	4317	6003
7731	1513	6874	4337	4826	1010	5413	5592	5985	1676
1041	1263	2511	5061	5434	5198	4702	4535	337	961
4368	2752	7431	4597	2787	6358	6502	1903	7103	7459
5338	2828	1180	2842	1709	904	768	3358	4950	4621
4316	3929	2678	2675	6213	5338	4621	2320	1335	4519
1657	4865	6510	6061	2119	252	3355	3812	4501	7901
2823	6183	6567	5095	6500	251	2785	6816	5317	5118
3202	6351	1848	5458	3875	748	4435	6606	1095	3899
5808	7131	2342	845	70	1500	5000	1909	7101	681
1323	2711	4290	1253	846	2094	5847	1257	4285	1804
3439	3246	4620	6815	4751	2741	7721	3931	1310	1102
3996	2116	6763	5749	370	1650	5821	7148	6569	506
6887	2221	7755	5780	5576	2635	6273	437	5288	6503
582	3799	6565	4942	4	7804	1438	6511	830	6630
3503	7703	3151	3109	2145	307	3477	6653	6556	5211
2947	4928	4901	4025	3748	7781	2010	3688	1175	2923
3066	238	5674	6338	5901	2263	2634	2583	4705	7017
6426	1142	5046	6681	5167	3272	4551	1699	1577	7808
7156	3325	469	4257	5391	3341	7934	7135	4716	1384
5877	6008	6884	7184	182	2340	5706	6287	2531	7904
7355	6556	2993	719	3540	5820	5934	4636	7534	3440
3647	7089	7594	1954	1393	89	2276	3937	4277	2229
332	4043	5920	3925	1982	4946	1472	3268	5765	4721
7507	4493	1134	947	636	134	6023	3331	4763	120
3775	5458	3335	5604	6351	3899	5608	3784	748	4784
7453	7420	508	1981	1630	4268	6821	1104	5647	6862
6152	641	4481	6456	6319	3773	2848	6764	4222	6512
2100	6524	2220	2291	2097	6984	6837	4780	4791	6971
851	633	4402	1239	7528	2611	63	2261	4502	5841
509	6925	6318	7670	264	2267	1111	1894	5169	4264
5193	2031	3028	2546	6438	1886	4591	5851	7318	2541
4735	5881	402	2723	6511	4466	4103	7712	3524	1467
3161	3020	644	5333	2470	5987	579	1000	1254	6460
4000	720	610	350	3282	7858	3152	3898	3331	6677
5760	1494	533	5631	15	3611	2630	397	4243	1634
4766	6489	1980	3212	3149	4131	6866	3733	7846	5978
164	5449	5352	5989	5395	3699	6581	2515	729	7411
1329	6704	5818	2688	5380	7803	6209	2647	1495	4646
2404	6217	1703	456	7825	3375	4308	2598	5566	6363
6288	6229	1784	7371	1025	6509	7454	7483	7147	654
180	6158	5531	5737	6529	602	6297	3108	3513	6547
5538	4629	3367	4515	4698	427	5286	7933	1576	854
5712	7639	4659	4757	2052	2480	3395	2109	1748	4640
466	2464	7463	168	5711	5222	24	2004	4638	1981
7309	5457	4271	6504	5073	7457	6008	12	5794	1315
2307	3548	1483	1929	2285	5509	4109	6991	5937	5691
4870	3028	1787	6263	5851	5027	5626	3003	152	5164
4156	3390	2802	2595	4404	3156	3650	6327	5811	2945
1004	3539	483	4513	1481	2245	5918	7725	4123	2176
3040	4315	4376	1769	4432	5072	722	7209	2694	3720
6377	2968	2594	3896	1534	6453	2024	1353	588	1997
468	792	1451	795	4904	6617	6607	7128	7523	3957
2402	442	2403	738	1495	3005	6700	6649	259	7171
3929	2675	1508	2924	1228	6526	4286	6823	6711	5620
6968	3406	1447	7067	3944	7428	6674	633	6707	333
506	3013	74	2323	1286	6168	7809	5500	7589	3478
2459	3429	2458	6030	6871	446	2633	4771	6082	6761
1734	4437	3823	6127	7132	410	5215	4738	206	7552
881	5299	4014	3058	2630	5861	3611	1801	4107	7675
4536	7036	5274	6504	4341	7866	7147	3046	7296	1284
4238	5783	2226	6692	3907	235	2686	4726	6979	1218
4336	1067	6502	4009	4368	4209	1277	2705	7517	5808
1734	4959	1991	3461	1117	5702	3823	6311	1397	7979
4358	4512	4438	2526	2460	355	346	7789	3018	3871
7171	1259	6898	3633	1725	7246	2983	6853	5824	5406
7329	2731	1506	4106	846	850	1976	1199	345	4995
2906	1864	3777	7751	201	6635	2057	7968	4331	72
6268	3350	3126	2714	3556	1034	2181	3701	3990	5282
3594	2861	3301	1742	7814	370	7406	1935	4919	7148
1790	2726	225	1404	4034	128	1230	4802	3857	4878
6636	6177	970	7337	1027	5987	7196	1973	5484	7755
1697	4777	463	4974	6158	4675	7981	3700	729	3403
1463	2228	507	7223	6224	356	7265	655	7930	2699
5409	4334	7299	1472	332	4651	3685	6171	6416	3074
1447	254	4437	6865	4567	7641	6804	333	3698	7952
6342	2314	654	4069	2590	6989	6459	2294	12	7147
6168	5290	7620	1859	1140	140	1691	4787	6821	5647
6719	5465	6264	3725	3512	4340	4518	7865	1359	6521
4297	4936	3354	7185	5457	4833	6504	4271	7309	4670
5376	6975	651	36	1989	3463	5930	7444	5084	2432
1139	5262	3085	4568	4884	3025	2176	5971	5493	289
947	6414	1204	5593	1588	1287	2959	3757	6974	4894
7101	5876	5000	714	1538	2381	5491	3358	6477	6559
1853	7280	7784	6770	2773	5560	1909	4557	4602	5427
3726	6893	2214	642	636	922	7052	2896	7609	7436
696	7706	1103	7929	7877	7774	540	7145	6508	7633
4565	2065	1633	7352	4377	1762	5389	2382	6504	285
7189	4851	6701	7618	4703	2324	7680	6150	512	968
4765	7234	58	358	7284	3455	6093	4935	520	4129
1834	6952	320	7201	3023	1776	5766	7650	6769	5505
5195	2083	6122	5647	1763	6821	6862	313	6102	2184
7900	2077	1216	4601	7328	5473	3470	1691	5858	6489
7238	1007	3884	7112	987	2565	7126	461	847	2027
56	5264	5275	1737	5023	7370	2052	1055	5529	2128
4549	6672	3138	2386	1542	2579	4956	6444	7753	2324
4479	7954	1888	4357	2812	5816	2397	3565	1908	7649
1253	481	261	6144	3359	1099	441	846	271	7533
3854	2523	5126	7180	3198	5268	2067	2784	6676	473
1356	2210	5613	965	5591	143	7069	7633	3618	292
1030	6864	4339	471	7707	2817	5435	1916	6811	5072
4445	1268	2765	814	2005	4883	5908	6936	6454	7268
5546	698	7449	4591	701	4042	5796	2912	5933	4802
6605	4242	5586	3544	7541	6296	4285	6125	7726	5133
743	3639	5333	7064	5178	1598	5926	491	6944	2200
7120	6804	6972	7866	325	5360	2278	5104	4746	4564
1828	6440	7642	2628	2488	1729	1034	1923	5018	6157
919	3421	4611	1662	1165	1486	4842	2988	4542	2790
7667	2522	6039	4385	5836	3693	7256	7885	5643	7314
1234	2589	1670	5589	6504	2601	4736	2448	5475	6900
5262	5609	3085	4568	5632	917	5842	5971	4396	3717
2240	6653	7869	3087	3225	1876	507	381	4343	6224
6726	3355	115	3812	628	361	3277	244	3802	3006
3247	473	3180	986	7401	185	5207	5665	7638	4050
4714	5699	1915	3805	1735	7989	7432	292	963	5558
5368	4034	5860	3348	5774	5683	5201	1864	1915	5558
512	6367	2324	4703	6701	6303	6150	4927	6449	2311
3058	950	7675	4731	4314	2219	3323	5080	5509	5432
7076	7638	7730	5268	4728	3832	2792	2541	3879	4146
6797	1924	7895	3009	4636	6392	6591	5648	3539	3613
6556	3540	3440	5480	5776	6982	5777	1283	6908	4049
7478	840	1302	7574	1105	1664	71	5656	4072	157
1701	4330	2240	2459	1245	3050	3501	4444	7278	4563
5881	4735	1461	7422	1667	5898	2815	1568	3524	2969
1184	7621	2976	1999	6418	5168	2615	5153	2328	1898
3828	917	7017	7383	645	6311	6479	4882	5399	5648
4606	2342	1909	7784	1853	5560	3929	7459	6358	5778
1010	7784	5855	2936	4148	4606	7731	4704	6770	5778
4925	2444	7240	7879	5063	4914	2741	4751	1345	5042
6245	5763	4488	4128	400	7005	7103	1903	226	2791
7344	642	2010	4688	6942	5955	2214	5152	3726	4036
7526	6462	1584	3489	3640	2673	2112	5372	412	3476
5265	205	3439	3246	7226	3159	888	4407	3297	3069
5836	3787	2522	6953	3606	7679	1301	7124	3281	2569
2728	871	2943	5910	4561	6355	7754	2572	370	7181
795	4657	1060	1130	5106	7655	1420	468	776	7523
6135	4362	3821	5113	90	2572	7883	4137	4607	4190
6620	5635	2314	3795	1567	2913	4947	478	538	5849
4012	2571	6780	2711	3206	4290	1099	5518	5243	6144
5193	3028	4480	7974	327	2379	3096	5774	3844	3451
4815	998	448	6567	763	2448	3298	7227	7358	6161
2767	6672	968	2317	7189	1542	2324	278	1699	4233
6643	5120	5255	3314	785	1042	2329	392	2471	36
2860	7466	5965	4409	808	6725	6154	7339	5967	3401
6008	5475	4297	3337	2809	5877	4924	1598	4993	2454
5679	2409	1746	3437	4307	6977	209	2040	7926	3311
2265	153	1990	1786	4332	1595	7476	2147	1062	3555
7759	1591	5173	1764	3210	5432	1625	805	3716	1810
155	7274	6228	605	1503	6111	3507	342	2151	1145
4242	6605	2621	5586	643	3125	5133	4261	6296	7001
6445	2176	3099	1604	2016	1481	2186	1475	4133	7725
7676	5094	5106	7222	4063	2005	3179	7268	4445	1408
468	1345	4468	1648	2849	2444	7128	623	19	1865
7007	4038	8000	6166	5225	2433	3969	7490	3389	2088
1328	1911	3591	7211	7225	7118	4901	4745	1918	6561
670	7609	6893	6942	5955	4556	6281	6548	799	6561
400	4234	1842	3971	2493	6439	5769	748	6164	1225
4575	654	2141	4993	1831	7184	7454	5644	3749	1223
386	1535	451	3165	7390	6812	4892	490	704	2661
916	3811	5900	5383	1131	2668	1715	3358	6265	7734
6638	5812	2525	1159	2084	1889	6451	5162	5068	3336
1672	507	6773	3172	4203	1571	6890	1104	7254	6224
3893	2688	3683	263	4873	5380	2022	7245	7437	3608
1700	1475	725	4795	3099	6445	1481	1754	4343	2793
833	1673	6127	7132	7064	5971	3712	4568	3085	6591
408	7251	3885	3043	879	7014	1826	4798	4700	6350
1278	7571	5788	7717	2942	5214	4270	2754	2826	2312
2897	316	5635	1874	564	3499	4237	5841	2529	2913
4858	3020	5754	2699	5575	7045	7778	6804	3363	1750
6172	3972	3821	1471	5150	6305	7821	1198	7499	740
6418	4583	759	4622	2059	4539	4449	4228	1898	5153
3815	7108	5137	4856	2952	7903	3001	5662	548	7633
5400	4793	4867	6412	7513	6119	854	6943	6110	3288
6255	1542	3138	1564	296	1002	1028	5894	1800	2904
6456	373	541	7199	5244	7762	4481	7695	2375	6948
2967	6695	5216	4168	5543	6615	4112	1271	5119	5232
704	7692	1934	7755	6887	6812	4007	6846	5319	2221
887	787	6730	4776	3651	4098	630	7269	4894	4158
2377	4469	5599	2209	6403	7829	7947	4231	4214	4332
4064	721	6762	4284	5089	4005	7631	1476	3543	3001
2785	1911	642	2214	7717	3258	5214	1980	4615	4036
3025	7344	286	1770	2790	7710	54	7571	4118	1278
3993	7546	5795	862	5891	5925	7415	420	7080	966
5362	2286	6618	5705	6247	2991	540	2664	7945	3256
935	3378	5861	2679	2753	2630	4243	1634	6487	678
3998	6973	1312	773	1020	6168	6122	6018	6429	6879
3980	6102	6059	1914	4768	599	4383	1287	7935	4857
7393	3058	1483	5509	2219	193	950	450	6991	2602
5905	1881	884	4184	680	507	6224	655	7689	970
6751	7915	3168	5639	1845	5231	7734	1709	4950	4985
7167	6710	5302	2536	1340	1681	2093	4788	393	5722
1339	2233	4438	4512	1058	5081	2488	6604	6464	231
3100	1349	1608	7240	5063	7400	4714	2092	1501	7697
1880	4860	2980	7452	2358	1435	7604	4873	6654	1281
6527	3090	3614	1690	6269	7269	1588	3740	887	6364
6340	7011	2524	2958	4937	3372	6617	2574	7753	7805
1862	2537	2527	618	6982	3626	1171	6964	122	6163
5908	250	3228	7544	3629	3186	4382	7617	169	5099
1701	317	726	4330	5203	2240	1273	4849	4810	4313
7051	7598	2428	448	6769	6480	2738	4968	6900	4408
4116	7550	1818	3590	4745	2790	1491	2312	5788	219
3047	7395	61	4431	190	6426	3336	3886	7691	7808
3172	3299	1973	3117	2302	380	1254	7196	4035	2292
6635	5165	4331	2906	3949	4495	2057	72	1511	6457
4840	1589	2335	7848	6183	1053	5939	3703	7893	478
7935	4302	1835	2053	3394	7139	3211	6610	2738	3160
996	4598	775	4917	6017	7449	7066	4005	7763	1987
2795	1367	3099	2043	1475	5598	4650	4343	3248	4601
3979	374	1693	3666	4617	7694	3175	4649	3586	5325
3544	1475	3099	7295	1367	7949	3294	7541	3248	2755
7881	7741	2581	6437	6594	2673	3178	6436	3927	1575
760	112	520	6093	3616	3288	5488	6444	6678	3426
1	3027	6479	4615	6311	3175	425	3828	4461	3107
6263	7914	1894	4888	4220	1416	3028	4985	4727	339
3884	6957	2236	7426	2889	6369	3907	4382	3170	847
1547	3690	4306	542	1239	6084	851	3944	5619	633
1894	4303	6398	5169	1021	7636	1460	4195	7914	3943
4032	1384	7934	6367	5240	3193	4851	1699	3405	2121
6387	2010	2085	2672	6489	3733	7717	4288	4371	1587
7366	6864	2064	4946	7693	1451	2607	792	2697	471
254	4567	333	1447	6707	6968	5500	6804	697	1748
2750	1171	3707	4574	1979	1117	7078	5191	3755	5524
4039	7858	5325	2014	1530	5715	1670	5454	5831	2738
950	4109	193	2219	2307	3548	6991	4731	4314	3490
582	6936	4942	6565	7035	5591	3799	5431	4	2765
7140	6681	5167	5727	5908	6426	7829	6781	3629	842
2546	6628	5642	5181	4505	3435	327	1078	304	1728
2316	2802	3650	1810	1764	6327	5432	3390	1591	4654
2589	1260	5283	1410	2298	2547	6884	4736	4896	6402
5676	231	3581	3871	2233	837	3492	4438	7314	4512
29	712	5569	6645	1302	7616	2985	3835	5168	3740
7585	7029	4780	1022	2568	7633	482	5626	1891	7110
4173	6701	4851	2324	2144	512	7681	4703	4590	2257
1968	4219	3368	6530	946	3338	5227	5271	3766	3446
6265	2982	3295	5301	3313	5626	1854	2668	7734	3159
985	5563	960	324	6931	6343	3530	5104	3721	2383
3114	4274	7798	1602	1246	5322	7982	4619	6685	3329
1301	6640	4865	5006	2663	6225	1722	7666	3294	401
1825	5495	7697	1300	4129	7029	5121	2388	4973	5229
651	3631	6360	36	3861	1763	562	6697	5647	1042
1247	5883	4302	6952	4067	5677	5766	3740	320	4288
7351	2803	2555	4769	1140	7963	5886	7620	1859	997
3258	4615	2532	2754	1911	7571	7717	1278	4036	5632
7781	2947	3748	4928	4025	5912	5858	6127	1175	7132
1104	5643	1981	466	5222	1833	5081	3693	595	6600
4161	3739	2328	7081	3369	5564	7916	2474	1597	844
4431	4360	2084	5908	166	83	6936	3741	3047	4530
4684	671	4936	4297	886	7552	2762	478	1382	6923
7259	7552	4544	1447	388	3132	4437	5351	2278	6865
879	6465	7658	7576	3317	1731	2796	2624	2847	2002
2338	3887	5414	1416	6580	2668	2739	79	7555	3159
7618	4851	7680	2324	6083	6701	3974	7681	4384	6150
7298	5941	2128	1994	7882	3298	7457	2538	2195	4558
3746	3611	2168	7867	1529	5700	397	1024	15	2630
2059	5168	7385	6953	7735	2984	4583	5153	4449	759
1175	1256	3106	4025	4569	1918	7686	2923	3748	1106
6613	6244	790	4745	4164	2790	1491	1818	2923	3814
4353	5954	6231	4581	4126	7339	5805	4954	2860	1180
4670	7288	6596	4162	5309	7408	5719	664	577	7328
2973	1662	5052	3359	789	4611	1399	4626	4133	5572
4082	6302	5330	5086	6093	3069	520	7046	4989	1378
7762	6981	7695	6941	2141	6514	2820	1425	7199	1831
5437	7203	763	6980	6998	4211	3485	5275	2665	7077
2451	2749	336	4431	3137	144	1799	942	6426	1041
347	5039	6009	3884	2092	3186	1910	3549	5999	1258
5385	6212	5769	3251	3971	2408	7662	6641	4497	5657
7249	2469	4306	2897	3607	3240	2635	2225	3621	2118
6245	5763	6276	6009	175	273	2920	7103	3115	7459
5872	7993	4025	5598	1126	2010	6068	2120	6441	2422
5785	6295	2434	407	5263	1977	5595	6198	1458	3752
44	789	7571	1278	6970	2790	6281	1504	5597	5152
5310	592	5427	6035	6987	2966	2485	7807	4647	1178
7419	2279	1555	2368	6175	4723	7376	4779	4217	3672
6091	5237	1887	6625	7836	2847	6149	3804	830	4022
57	1220	7403	4106	5573	7785	2205	6443	80	689
4648	2865	1199	2310	7282	5583	7657	5448	307	2094
4407	888	3159	7226	1416	1637	3439	407	7555	4037
7082	6953	7789	2984	3018	7042	5441	5836	5748	2460
2163	2235	2290	465	5807	4331	7545	4392	4495	7751
7597	364	91	4020	2007	2842	3502	5486	5639	916
4402	63	1421	3704	3406	1822	2261	3795	3781	2913
4760	2054	3194	4974	2304	4322	6457	213	2726	4331
5279	7040	3129	7301	339	648	3338	2739	656	3629
7568	5096	4623	1679	2962	2568	5730	1022	7312	6691
1345	4468	468	6067	623	7805	7523	3803	2444	792
2411	7289	4665	4894	4375	2965	7710	2948	4377	7587
6357	1072	2311	4468	6910	2764	477	3372	6117	6622
2791	4234	4017	1324	4791	3063	5039	7697	784	6740
4437	985	6890	4738	6785	4370	7254	6804	5419	3445
546	242	2977	7069	6621	2760	2222	3272	2545	7633
1983	4545	3435	7340	1413	5439	4495	2784	7793	7614
5494	1168	396	7223	458	177	151	7045	6804	7259
3206	368	2778	2365	4477	3215	5249	5672	4626	4933
7900	7963	1846	2077	1216	5655	5473	4601	3470	3774
6212	5769	915	6017	7763	4490	7596	4525	2598	2408
4132	3455	328	811	319	820	5208	7032	6718	5251
2628	2107	7917	3809	7570	3624	466	2488	1729	7642
538	4529	1419	6941	1822	3499	7695	2375	564	2935
7811	4306	2916	5938	4825	5619	791	4686	4328	5374
3062	1130	1643	957	4186	7646	7	4657	2241	585
5965	3166	5967	4469	2377	4524	1679	6725	7577	4409
4470	5033	7244	4152	913	133	7294	3495	1371	2414
6669	2775	2007	552	7780	2945	6594	950	4731	6436
818	6498	5188	283	1433	1938	5048	2518	5969	4324
4797	3239	855	5459	6640	887	353	1804	6849	2310
1774	7084	3824	7637	7501	7265	3765	1318	5178	1254
7680	3974	6701	512	7681	6150	1867	4384	300	6083
5741	6321	2555	4857	4184	7954	2240	7351	5852	6653
2942	657	4055	5640	2014	7225	3417	3591	7118	1530
3198	4870	6590	1787	3028	6274	2523	1594	2000	5015
636	4493	7858	2301	4611	947	2583	908	1165	3160
7460	4144	7941	3082	7274	4445	7479	2891	605	6936
1697	4777	7112	2027	2274	915	7984	1674	5796	3403
2982	6810	648	2918	4212	5946	5414	656	5279	339
6266	4706	3990	1976	3556	1654	3835	203	249	2197
385	4439	7496	6690	576	2595	3905	6314	4731	2316
7423	4585	1130	477	6198	162	942	4786	957	1041
3960	381	4983	3225	6653	3503	6556	4049	2240	5776
7155	4271	2263	95	2634	4534	6099	2583	7021	86
447	6700	7125	6988	2555	5537	1693	6003	216	3894
2385	2746	1290	7640	1114	7632	6292	4027	1754	4143
5164	2170	5027	6087	1844	2843	2777	1562	4374	7164
6612	4060	95	4536	2391	4282	4736	6100	1791	3877
6256	7377	6375	6911	2701	600	585	2709	782	2275
1051	6043	5476	5407	5592	6203	7384	3858	3147	207
1575	326	6991	3267	2602	193	3548	1483	4109	995
2448	7525	458	5926	151	7396	361	2176	5118	2929
6823	1351	6526	1474	4111	3811	1131	3744	916	2668
1515	3143	2094	7541	3544	4289	7001	5463	1852	3073
3018	2522	6969	2526	4512	5836	7789	5081	4438	7042
1194	6645	7616	3477	4926	3353	7438	5134	7756	350
4002	4525	3251	6744	400	5678	5034	2832	4305	213
30	7620	4918	5870	6151	4787	7905	1914	6192	6360
2943	7094	2572	788	1938	4482	1340	5991	4561	4362
4667	2774	4032	1637	5263	278	6650	6295	5401	2317
7537	4351	1173	5199	1792	1570	7411	1612	2770	3154
5971	6558	5926	5178	422	4685	3487	7396	2448	2661
161	5432	2316	7404	1810	2350	6436	3650	863	4246
7679	6862	3787	5647	4546	7869	5731	6821	496	2865
649	51	4920	1003	3135	2476	6312	2706	3215	4477
2798	3331	614	2814	4493	4855	6918	6975	7603	1424
3150	7267	1040	5073	5457	5871	5451	7309	2339	2076
1364	3822	5509	6436	1483	794	768	2047	4314	863
2470	3283	4197	5248	1535	386	6127	7781	3086	7132
3614	4387	3086	5821	7204	6857	6269	6414	2586	757
3841	568	3433	2972	1404	1975	691	225	5187	6065
5388	6996	7422	6668	3825	2745	6669	5687	3952	931
366	2104	6425	1052	4973	6213	824	4316	1143	3237
879	6465	7658	7576	2624	2796	3317	6297	808	1731
4034	7560	3694	463	6882	3574	3380	1180	4581	1948
3805	6442	1735	6104	1915	2732	7432	6398	872	5227
6620	188	3937	1045	5095	773	7315	2492	4890	3485
1197	4952	5586	6097	3486	1003	5019	2460	2522	1502
3042	3845	660	7631	2503	7375	488	5212	3024	1507
1666	5794	6887	2961	2294	5576	7309	6533	2944	2221
88	7990	183	414	361	6801	4177	4123	2414	6772
4928	2348	5912	3748	2034	2947	5102	3283	3089	7781
4262	1911	3027	7118	1900	577	219	1980	1834	4131
5665	4280	3981	7897	143	7870	6902	4050	1448	185
6402	5871	5736	4823	3150	1330	7931	7331	3633	420
7214	3759	6917	731	407	6020	7698	5668	2194	7751
5672	4933	1005	7020	5441	5748	4120	4275	3215	4477
5631	2867	533	397	2748	15	6191	1634	3987	3615
703	726	1571	5606	2055	3869	4788	1287	1650	6036
3386	7235	5198	5061	337	4932	6813	7749	3381	5434
5580	6263	5431	4888	1611	7835	3457	1998	152	6855
5520	6272	3302	6753	7477	3190	976	5665	3316	2969
1554	2770	1830	6454	2347	798	2782	1496	6583	2535
6307	673	3248	133	3099	1481	913	6944	1475	4396
1917	5955	1122	6942	1475	2575	3099	4025	1918	2176
1734	3823	7158	6428	2917	5702	2661	5021	5926	490
2649	5374	7979	5793	6280	2763	2854	2179	2420	1605
5820	251	4513	3077	7418	3644	244	1657	3413	3812
2947	5669	4901	6942	2495	216	4025	4928	2176	5135
7538	5037	7069	5216	2194	4392	5543	7751	2236	6020
375	3108	6203	6191	4647	1735	6442	5495	1092	880
7123	1396	5566	4308	4675	1703	6517	4305	2979	107
3318	3885	6037	4954	3964	808	4991	4687	6799	222
4905	571	2956	4943	3367	4844	4683	4515	5538	3620
6953	7082	4449	5836	5441	5748	7789	7042	7048	2984
2767	5681	4637	2764	1102	1028	7749	1867	3138	6622
2338	7870	5725	2620	5414	1854	3362	5946	72	2906
3580	7532	3536	5909	7389	341	1840	2148	4089	2446
6599	1708	1032	5555	5994	4489	6953	2395	118	6125
6330	4782	3665	3497	2682	5162	6878	7144	1889	2084
2037	7760	163	1325	6208	2023	6981	6410	218	6764
616	3483	3163	4173	4500	4786	6367	5751	1756	2658
4025	3639	7064	2923	6068	5829	380	7781	5971	5178
6303	4927	512	2324	7721	7862	5884	6150	6083	6672
4402	2261	4117	2611	7822	1098	5360	63	4450	5841
4509	4626	5052	2247	7620	3359	2973	271	481	7533
6784	6450	12	6459	5457	7309	437	4271	1325	4071
6076	7274	3070	6781	2376	583	737	2642	4382	6111
1298	5540	2069	2939	6458	52	7186	536	806	7096
1374	4726	2273	5407	3076	2193	5157	4854	6043	1821
1399	3787	1201	5953	1914	816	367	908	2016	5955
3974	6813	4702	1867	7235	337	1136	7680	5434	6701
896	1297	5203	7975	7448	3817	129	618	2659	518
6474	7463	7070	6005	7794	2152	5462	634	6842	5012
4836	2171	3895	2708	6032	7309	5457	4613	838	6188
6893	7609	670	6548	2954	5325	286	6942	642	2896
1497	5575	6177	1750	7337	7265	3075	6513	6887	7072
7557	4389	977	890	5580	5013	1041	4612	2684	6936
7658	6671	1826	2796	4700	808	3043	408	5384	891
7218	1678	2769	7601	3572	3316	7633	2234	1751	964
3029	3314	4860	1391	7452	1435	2069	5578	1455	52
7353	2847	5230	4991	327	2401	7549	4510	5414	7915
560	6178	2164	5485	6341	7247	5785	2736	6660	5308
3398	783	5314	834	4182	6706	7595	5969	2042	742
6899	2900	5118	2129	2520	7505	2517	5467	3933	6816
3499	538	6588	1558	4529	5521	2375	6948	5605	3773
3905	371	1124	7758	4517	5424	4439	6690	1801	385
1614	4795	4049	1923	1034	725	6268	5771	5105	1700
7725	3099	6445	1918	3361	2549	1475	1080	2245	2043
6052	1572	7662	4305	4269	107	4140	3158	5034	1180
4310	4254	6333	5617	6186	6594	3648	2874	6409	7342
1322	1017	3660	2997	1254	3283	4406	5248	2556	7679
1606	5615	3189	6729	5945	7918	249	2576	2973	2648
3111	7843	5080	5424	1709	4110	4732	2842	2351	7675
6214	968	4264	5851	756	2379	4480	3818	1987	5594
4321	3442	2254	5384	1676	3604	5874	4681	6189	941
4370	2278	3623	3339	7358	3404	6989	2195	886	5317
7032	3620	7222	4063	3673	6416	3583	3506	4445	7586
1164	7855	5275	33	912	3035	109	6709	308	3743
1010	5855	7784	1513	7731	4148	2936	5837	6770	4606
4434	1019	3976	7470	1758	544	5582	5666	7950	7090
3086	5333	2586	5178	7386	3031	5241	5103	897	7229
2909	5069	5415	5454	1607	1412	1530	7159	5114	3417
2594	588	3896	4395	1353	1534	5175	6846	6084	2490
3492	7917	6157	682	4638	4086	131	6891	1827	2864
5533	132	781	1816	7038	5658	2564	131	6268	5792
2598	2979	2092	6017	7763	915	7388	7425	6380	6457
3696	291	1063	2979	1736	4381	6545	3186	5882	5594
5937	1929	2742	1613	2307	3548	5633	5509	2285	7759
1941	4351	1611	1796	4970	7909	2212	6134	2163	2431
6761	3467	7963	4288	3045	5483	356	4244	634	5886
3110	1929	7369	2285	5691	2307	5432	1794	3548	5509
2440	152	4394	3121	6388	7468	996	2931	2433	6013
5711	1150	168	6268	7397	2714	7258	5282	5801	1469
3009	673	757	1974	6220	5621	5079	4555	1481	6307
4883	5828	314	4445	7619	2237	6050	4	3505	7691
3170	184	5885	828	6356	1413	2290	807	2153	5439
701	4042	2777	3024	698	4056	7029	3096	1844	4979
896	7975	618	2537	5361	7840	3431	3283	4674	495
603	1964	4574	4255	1700	5211	725	2189	6184	1802
5712	4306	2118	7546	38	791	4640	7639	4659	5619
4212	5946	3754	3915	2401	2894	1022	5840	1643	5830
2563	2437	433	7933	2324	6150	6701	512	6083	5240
7000	5935	1760	3507	342	178	3376	567	1992	2130
4897	6634	4507	3155	4374	5998	3313	143	1507	5027
6467	2937	2509	7411	7388	1612	7537	7806	5662	4456
1420	795	776	2091	4250	4963	5094	3620	5106	6607
4825	1851	2635	6619	2626	5259	5529	5736	769	7094
1284	5078	3520	382	1747	5632	3328	5995	3487	4685
7151	303	6947	5260	7005	2613	4355	7491	4168	3488
3645	171	4924	6684	1053	6206	4655	7410	4486	594
7453	1104	263	1672	507	4873	6224	5643	5905	655
2770	2064	7133	6583	869	7366	5958	7175	1496	5865
4690	728	4928	2422	4182	6441	3089	2947	3099	6445
316	564	1558	2375	3499	4529	5521	5990	5635	6948
994	6247	540	2068	5705	2286	6740	4129	5594	3962
7541	3839	2569	3693	5555	6125	6432	2680	5899	481
3752	5716	6878	144	7451	6295	2114	5893	1041	2511
2356	7726	5058	6254	6741	1892	345	6125	3603	4527
6818	4104	4588	5694	973	2220	3629	5229	5859	7633
277	1857	7863	7867	7759	3593	3746	1591	326	4240
2076	1586	3007	7755	451	1963	1053	7652	1040	6273
7866	3404	3078	3623	3337	6926	2101	4924	6504	541
5271	5238	460	2355	2979	2822	3488	3840	3186	1796
804	2832	6297	1078	6611	7243	5996	152	867	3119
4382	2220	6524	3272	5908	7633	3815	5859	1473	4104
4756	7486	1437	4204	1617	5005	5179	5565	589	2238
4314	3323	7843	5080	5432	2219	3351	4654	4732	7675
1465	1734	22	6591	5820	3132	823	5023	7390	7064
4121	6271	2472	3505	3063	7016	3930	6822	4410	3348
2608	1202	5218	5434	147	512	4535	3386	2444	4702
3177	4850	2507	2851	647	2501	6815	5898	5224	6058
5094	5075	3179	2100	5747	4323	7987	2970	2838	2005
3188	6127	6108	770	245	7132	98	7781	7064	2829
3338	2892	6996	3306	2850	5279	6573	3102	339	6542
358	6153	5353	4765	6205	2000	3295	619	5312	938
3459	7688	1104	4787	5643	2734	6731	5916	6192	2522
5144	6916	7273	6679	7184	5451	702	6663	437	4575
339	2739	4153	4135	5190	3122	1894	5851	3777	264
1715	5383	6350	5900	3358	4011	3724	3338	6868	916
587	1389	2141	3595	6514	7762	2820	1688	6941	1665
850	4106	7329	4706	1220	1976	7785	249	2571	1606
2847	3231	27	3119	1445	7353	2351	3882	1434	4872
1492	7203	6566	1661	2453	989	6141	6710	7211	1954
6936	6906	7527	2005	2879	1050	6050	6742	5094	297
7875	7172	6297	304	4490	6238	211	2655	5815	5210
296	3138	5496	300	6150	7681	7592	7618	3974	6672
5529	769	5259	2626	4825	240	7692	4229	2547	2649
5696	6167	6340	1990	2265	3756	1108	6936	5042	7476
2852	2057	145	4633	2054	143	701	4458	4042	5933
3349	6257	4209	1426	7129	5372	1277	4938	6174	1480
5949	7691	2084	190	3080	1503	6228	2682	2765	5046
4994	6359	2117	1782	1429	7050	212	4093	4615	3816
1148	1244	260	4518	179	4775	6274	4340	6521	5617
4581	4126	225	4165	128	1790	2273	96	4353	1210
1047	7342	485	3476	4344	6477	2874	4254	6333	5944
2141	3781	6981	7695	7762	1425	3749	2090	7454	1665
2244	1387	2806	4845	4270	5367	3590	6768	1818	2058
3413	728	3677	3089	2930	5524	259	3165	6944	216
5774	3096	3348	3513	2836	5368	2304	5301	7029	2732
7054	6832	5032	1102	3510	3714	7933	6150	6614	3049
2810	6893	3812	6592	5325	7609	2360	4405	4375	2406
389	3928	1618	962	2867	950	3351	1591	4731	5631
384	4999	5282	3546	7042	7885	5019	6891	5222	6731
764	2969	3759	5869	546	6917	6391	2121	1710	1699
4112	5216	3488	2967	5143	3840	853	3627	6153	5599
7739	765	2683	6897	4149	7958	4537	1358	5337	793
7388	4410	7411	2598	7537	2979	3549	2937	1910	5039
1877	4939	5855	1144	256	4115	5119	3737	4514	4606
4789	3865	5907	2786	4341	7954	3356	6667	6697	1008
1897	6515	1324	930	7458	2274	3848	7981	214	572
2488	5018	384	5282	6731	355	2714	866	1034	1923
3116	5681	4637	497	2764	7872	4711	7749	1028	337
2189	1314	929	3985	1964	64	1657	6988	1193	6510
3225	381	1314	929	2189	7869	518	6653	1964	64
2569	7541	6125	4489	2247	2004	7905	5921	5836	3693
6438	2031	2987	6547	180	2001	2783	6060	6297	87
1599	1639	1162	6614	7942	3405	7934	1102	4233	7972
7601	1555	7806	2199	7162	6467	2279	4224	3850	4591
2508	6205	706	3203	2098	3525	4521	460	5337	3952
299	2442	3955	5734	5197	6038	1503	6295	605	3082
5017	6205	931	2921	2105	3533	2938	807	4355	6528
5273	7226	5155	222	6408	4821	5099	1656	3964	1667
7902	7881	3178	3267	6437	5127	7369	1575	2673	3927
2688	5380	6151	5870	3693	30	1005	5252	6125	6988
1836	7457	6504	5457	4615	6596	4554	1315	7192	7309
4390	7317	2224	3682	2986	3296	4255	4838	3790	6184
4884	6772	361	7609	7396	1691	670	2282	5887	4036
2909	1607	7204	4093	5454	1121	1530	7347	5257	5835
4367	5132	6085	3953	2333	1858	5634	1072	658	6863
6414	354	7756	2288	4138	1340	6432	629	4482	5899
3355	3646	7609	6366	1878	5675	670	5597	6893	7080
1382	2762	566	1385	3424	2228	4684	671	4958	3374
4667	605	7274	6076	2977	299	3336	5148	6038	7479
6236	3409	2910	1775	5982	6637	6278	1849	4389	7823
698	4042	5796	7449	4591	1230	701	1355	901	3108
7621	5160	2788	3234	7345	6802	6870	2615	4454	1105
6465	5465	1148	6868	7865	6719	7364	6577	3512	3725
789	6970	2790	4118	7571	7840	1770	5261	5152	4025
4875	7487	3672	5699	3123	2269	7046	7419	1891	2486
1333	6775	6700	3277	4373	2402	3948	390	2504	806
7905	4489	6125	6151	1005	3693	30	5870	7435	2569
5360	4117	4402	7822	1688	1822	4030	6765	3595	3781
5777	716	1601	7840	5598	5079	1815	3688	5702	3344
6616	6338	238	1315	3065	4008	86	4271	5002	7457
677	2534	5431	5042	7629	3493	3381	4932	6420	7497
2982	6810	5414	364	5946	327	5230	5279	2388	2918
7178	1230	4802	2193	5157	96	4862	5796	128	4505
1439	6311	3175	2708	4796	3461	2312	3666	6995	2450
7548	2322	1390	245	6807	753	3597	5257	4025	5835
6484	4387	6414	3417	2616	629	3619	6325	1544	4136
3144	5810	5090	372	6853	5107	3590	1256	7773	4001
1434	868	3351	4314	454	4110	3323	4293	7758	3156
5698	6252	4809	1982	4252	621	5989	2091	3925	1420
497	7872	4637	5434	4702	2764	6622	2904	5681	337
4156	6337	3513	4246	3096	6314	1625	385	4912	2945
5334	5459	861	3211	6775	37	7803	6610	3515	6002
420	5426	596	2978	2589	1534	282	2933	4033	6706
4969	4591	87	996	5461	3618	4410	3284	698	6652
1672	7254	985	6890	507	3445	5577	6224	591	960
6475	7311	6348	4052	2685	7431	7793	1566	7126	5704
4628	1794	1929	7759	5633	3323	995	5509	2307	3548
1003	7020	6365	649	3232	51	5519	3486	4477	5748
7377	6256	6375	6911	2701	600	6398	782	6175	264
2308	7607	4934	7586	870	1824	7659	5086	1899	1830
3554	4301	7768	7941	6507	5650	677	7651	978	5431
6809	1290	3531	1802	2997	3660	4709	884	7242	6066
1799	7461	5046	336	3752	6372	7210	4360	1142	6295
3624	5418	2526	7917	7314	595	3018	6891	992	4385
3172	7883	531	1545	5821	4362	7960	6339	5367	629
2327	5048	3588	4255	5825	7105	6184	4182	5524	2129
2406	570	1000	7742	4348	2680	6281	6768	7015	3994
4457	6268	5019	3126	5345	5031	5658	6510	4999	3373
6036	683	2217	1798	4072	5606	2474	2310	840	2124
725	1754	1700	1475	3099	1918	6445	2795	7211	6128
3516	3941	5261	2025	4116	1119	4745	7840	6982	7606
7041	295	7857	6595	4261	2354	6549	2048	5564	3359
3325	469	7156	5391	4257	3341	1956	7135	2667	4900
7429	5826	4094	1969	3947	4844	278	3510	7286	7054
2365	7708	4477	3215	368	4792	7663	4275	5052	5466
240	3395	5712	2480	4947	38	3371	1748	2109	4502
6820	6328	4955	1874	316	5779	437	2557	2336	3499
776	6416	5106	5409	3220	6171	4963	3620	6147	795
7529	5772	5429	322	817	5962	2902	7562	1190	48
6568	2407	2311	6357	2730	322	4755	2144	5884	4927
5786	3673	5660	159	7341	6971	5981	2570	729	7775
4758	4809	7128	4181	1386	1648	1865	5053	6196	2849
4743	3017	3943	4620	4956	7618	627	4888	4851	327
1303	3938	5607	2534	2618	5785	3943	5665	5613	5201
2967	3504	4606	5119	256	1144	4005	7815	6957	6615
1770	286	1504	2021	1893	54	4556	6325	6244	5152
7484	44	4776	5590	7748	787	3061	7773	4055	4533
447	7125	312	5454	5623	4267	3344	4513	1693	1926
7858	3258	2582	1946	5077	5134	966	6211	3993	6592
322	2904	4711	2764	1249	4637	6622	5767	961	4593
800	3600	3935	4364	7782	2609	3409	5893	5964	6278
5699	829	1891	2269	7376	5362	3672	543	3001	660
2469	7350	1305	7811	3240	7961	3607	1267	4306	5175
3533	6265	3102	3491	2320	3306	1300	3825	6669	2775
2049	6917	3759	5595	7738	2685	3407	4848	476	5439
6281	4556	3590	6561	2502	1818	4745	1491	3895	286
7265	7084	6919	3824	7637	5858	1774	3087	4928	1318
6026	6211	7858	650	3258	3192	834	2056	7595	966
6809	3571	932	1626	6066	46	224	129	5203	1297
7448	4162	7408	1490	5577	4352	5499	1177	7932	3445
2265	153	1990	1786	4332	1595	7476	2147	1062	3555
4507	3746	4374	6532	7867	1024	5424	2168	1857	117
1099	261	6144	4626	5052	368	2898	3215	4477	5249
6650	93	5401	6686	1699	2774	2121	3932	1002	1384
5902	6907	5066	4080	6078	4689	1971	2863	903	5833
7023	1027	413	6931	5215	410	4564	3221	7386	5484
6270	6020	7443	1208	292	638	284	5733	731	2352
2794	1627	4894	6379	3462	7211	5084	187	3851	6045
3923	7533	64	271	2143	6520	5655	3359	7869	1782
1457	1822	3795	4402	1421	5635	63	633	2261	3704
2291	107	4305	4140	4166	6837	4911	4432	828	7834
2198	2234	6295	5595	5734	5046	6391	5054	5263	2130
5883	4067	2672	4288	4611	7742	3695	5677	789	245
676	3414	3228	3186	1079	7544	5594	3629	1300	7766
5658	1034	874	6268	132	2714	5018	3126	5533	3835
7973	4495	5013	2114	647	1093	2251	4531	3427	1823
3533	2320	1335	3825	6213	47	366	5482	824	274
5687	5487	5231	1821	7432	6601	4224	5000	4719	1022
535	6459	306	1784	2660	12	5541	4575	862	7868
396	2475	549	2470	3283	507	6224	7952	3087	3363
2263	2634	3462	3461	238	7017	4039	7457	3066	2583
972	3678	5039	5781	5295	5840	2875	3981	143	3427
1749	2741	4751	4956	2774	4549	760	2618	6650	6444
5432	2316	1810	2802	3390	3650	1929	1625	161	4654
1152	7966	3249	7487	7218	2380	4875	5975	7633	4780
3255	5220	1915	1987	3818	7066	7897	6388	2194	5558
3295	3414	7425	7304	7400	5231	1854	2170	7312	1473
7979	6300	410	5215	1117	7045	2661	3487	6899	4685
3924	376	731	7535	5761	6020	6138	2927	6818	4588
3856	6088	549	2475	4771	507	6224	655	2929	396
3416	1316	5748	5441	2877	4477	1003	3215	368	4449
2121	1699	5431	2977	677	2534	6295	7629	2442	7721
3401	5652	190	7691	5167	5865	3930	3047	7395	7035
2909	5257	5835	1465	1530	1390	7204	5454	5415	1233
4165	1487	4231	3758	4034	6661	2733	1790	7088	1727
4574	3790	4838	7622	4255	725	7010	603	1700	6184
2391	1603	4046	1526	6972	1623	325	6612	7230	7067
4500	4703	2257	4851	512	6701	4590	7681	6150	5240
852	2866	5523	6754	5225	6783	2392	3178	7953	6337
3823	1734	3816	1918	577	5926	664	5918	1691	490
4182	1117	7817	425	4685	1328	2947	2120	1918	1155
3351	7843	4654	7675	5080	4731	950	5691	3323	4314
4155	2097	5950	6175	6925	5730	4034	4719	1854	3159
483	628	1004	1481	2795	1475	4123	1367	3099	2954
5626	5131	1321	72	7465	6635	4495	2822	5558	1400
373	4554	165	3853	3487	6242	1687	206	1117	5244
5811	3231	2316	2802	4246	4156	3273	3905	3390	5432
3755	6566	1935	5084	3370	7211	2955	5203	733	3692
6845	6865	5742	2278	5941	2195	1447	6980	3635	3795
2849	7128	1865	5765	1648	6196	6759	4758	5920	1451
1614	5979	99	725	5154	1700	3790	7622	5825	4049
6832	5032	4463	3714	4094	3510	7933	4844	663	2563
5017	2105	931	6205	7335	2860	2249	6433	4381	2238
5255	887	3161	367	644	6768	7548	7013	3688	7269
4426	315	4067	4288	3522	5858	312	6025	2672	5677
4229	4763	5787	2653	7155	769	5259	2626	3301	5277
549	2475	5905	2174	381	396	2762	2458	1828	2734
6574	4865	7924	5442	2474	2126	5564	5992	631	6036
4334	776	332	4043	1982	3925	6416	5920	1472	6171
2594	3896	588	1534	1353	2490	1984	4395	6846	1056
7895	6908	3035	5093	5585	5820	3651	5480	6880	7332
5595	3272	3777	5263	1864	5067	7182	6295	7465	7751
3275	3955	5197	1648	1996	623	7910	7721	5845	1485
3302	2979	461	5202	1228	3466	4410	1210	4451	4345
844	77	3006	5183	6324	1661	4397	7857	2795	1692
554	5370	2772	4656	4204	6356	6691	4322	1797	7151
1737	4443	7634	1234	1260	6498	7370	5589	7979	422
5200	6936	1643	5431	7651	1268	2431	169	7795	6507
4054	20	3499	1953	1207	2108	2878	3773	4692	538
3327	6196	937	6843	1752	755	4972	6759	3268	1936
3229	3044	6267	6655	1378	6302	3510	4844	5330	6463
1534	1056	2024	240	2594	5938	4640	5712	7639	1934
4806	1438	4392	4908	2286	3217	585	1645	1125	5694
1146	4906	1444	2871	544	6507	2889	4970	6745	2507
44	5575	2672	3895	3161	644	140	7773	753	7548
5608	3775	4784	5571	5604	6351	5458	273	7188	7833
1596	5947	3553	2839	6258	861	62	5318	1966	6299
458	5858	4123	1761	2414	974	2528	5820	2853	6772
4277	1623	6972	6279	325	1681	4046	1415	6612	6955
7857	4261	6047	1466	7666	474	1692	7041	3950	2696
5626	5131	1321	72	7465	6635	4495	2057	7553	2906
3283	3089	5858	4343	458	1691	2348	5211	4197	4771
3399	3122	5624	5190	4135	4979	3255	1915	1987	5558
511	1212	6932	2863	6896	4148	2962	2752	7459	6907
7662	4485	3899	2408	6166	5385	5769	6212	3875	7596
2904	817	5434	147	4702	7872	6622	4637	343	2764
6383	5059	377	6576	5355	5416	6120	3421	3342	919
3749	1389	2820	6514	587	2141	1831	7762	7454	6509
777	4452	7426	1113	6625	5906	6750	3488	784	1128
7399	449	201	3949	6545	3186	3766	7110	2979	6205
6010	6141	7323	7114	2256	1171	5553	7181	4090	3707
7156	4257	3325	3341	469	5391	7972	3405	7942	7934
219	577	3816	664	7352	5918	5632	4615	1818	4116
7510	562	6241	3631	1105	1898	2247	5658	846	6225
6413	7171	1340	4665	1116	6898	3009	5722	4709	1802
5029	4244	5655	4093	6460	6106	4142	1295	2321	7742
2444	6863	4751	1702	1757	2545	7721	1345	2741	6617
5339	2890	4234	3806	4784	1266	2791	3775	7154	2768
6660	6568	2539	322	3837	4173	2311	119	6357	1157
3069	5950	653	250	4834	3313	7197	5482	1577	1149
395	2985	2803	7437	2834	712	5345	2022	6266	487
4746	1223	4993	2809	7454	6509	654	4575	2340	7866
5435	1796	1090	6134	7987	6664	3971	2431	5075	1063
4713	6522	7538	7232	6309	5591	6634	1536	4363	6493
635	4105	4377	54	3462	2965	4542	3591	5241	7686
950	193	4109	6991	5762	2219	2602	5080	4731	389
3078	2141	2090	1025	6827	7762	4805	7147	587	1425
6436	794	3822	3548	6991	1483	3178	326	995	2307
6295	5734	5263	6855	6178	968	2434	567	1977	7087
3564	6293	7966	3818	6326	3768	4976	1987	4917	652
3635	3870	3911	7146	5283	1778	6887	1670	2589	2221
1581	1723	1883	4219	5016	408	7486	859	2994	1437
983	7405	4798	875	2541	4602	1978	2204	2396	5687
180	3605	1679	3108	4960	7369	5691	3096	918	1613
3390	2802	5811	2316	3650	1810	4404	6327	1625	5432
7700	4939	1167	3825	4704	4294	7183	6009	943	3306
2981	6437	918	2673	453	5486	695	7097	4254	1575
130	3049	1956	3932	7135	1937	1202	3465	5812	5286
5139	4154	7534	6835	6504	2855	3751	6820	4832	6248
209	5343	861	1009	1746	6675	1695	1966	887	7099
3272	5595	5840	5054	1866	1268	6644	6855	3777	5734
7969	5451	5144	541	5057	4924	6206	4008	86	4825
5724	1641	4967	6579	7764	2637	4627	1251	604	2818
2666	2420	6461	7625	7791	5525	2394	4283	2649	5793
2884	7832	4023	4258	7237	1219	7391	4773	7258	2248
1749	4751	2741	2774	6686	6650	6255	4956	7481	93
1056	240	2594	6846	2654	3896	5973	1353	4659	1534
845	6501	5808	7841	681	983	4647	1838	1107	3928
342	3507	2130	3376	4908	4364	5935	3217	6228	3222
4969	828	698	4591	7318	7968	2452	2979	7341	2894
2401	4224	6029	3754	104	4719	7991	3284	1458	6075
2715	405	7993	3248	3359	6520	5006	3326	4118	1683
1686	6068	5103	7781	6558	6807	7729	5214	3639	4371
413	7023	1027	7386	6931	7202	5215	5484	3221	2221
2698	1721	7108	3479	5137	6318	2669	3815	1242	5970
3336	3673	4599	205	5286	4657	605	6524	4588	1130
2396	4910	2350	552	6436	1704	2047	4293	863	2945
5138	6885	3523	7327	155	7519	1176	2974	1548	6228
4490	6323	7003	6297	96	7763	2067	3155	1668	6017
7058	6771	7016	7573	7698	5054	6644	5281	3068	5661
2019	66	5898	7601	1398	407	2851	7670	4783	5785
3116	5681	6614	7747	4233	1033	5496	337	5198	7235
2787	7581	2300	2343	5453	6072	4009	3419	6997	7134
2603	5508	2769	73	754	829	6145	6633	7432	1398
1700	725	4795	1475	3099	6445	1754	1481	4343	7949
5278	1763	2293	2184	4792	3514	2998	5647	2808	6036
3089	490	4343	3165	2120	3733	3344	5598	6489	5890
3215	2365	368	4477	2898	3241	4626	5052	7708	4933
3308	2214	2738	642	3726	4055	1186	1165	1440	6824
183	5804	4143	1086	6801	5090	6886	3356	787	422
3796	7585	6457	4331	2398	4453	4929	915	2979	201
6456	6948	5521	4481	2375	5605	7199	1558	5233	7695
5572	1278	7571	642	3726	2214	1165	2619	5261	5788
7226	888	1416	3159	1138	6304	4037	3168	4954	3348
2866	4254	485	918	6437	2981	5225	7953	6189	5633
1413	1456	4495	7545	465	7968	5725	3759	7465	1823
3301	3594	7406	629	4842	4676	7606	7303	5899	2861
5820	5636	2129	5023	3933	2448	645	787	6362	833
2103	4187	3193	6656	2437	5240	7934	4631	627	4590
5926	3639	2923	380	7085	3356	1086	5858	4396	7064
1243	7920	5969	7979	769	2785	4493	4818	490	5817
11	3966	2475	549	6334	3669	9	4077	5211	3363
4158	4152	4641	6627	6139	3708	4747	13	4415	1851
6469	4121	4022	7335	45	793	3159	5279	407	5431
65	1337	4429	6565	3799	7268	830	4410	4121	582
310	7354	6048	3925	1982	6013	6252	1157	5074	792
3065	1360	832	7410	223	7457	5002	3993	4534	1315
6527	2825	2312	2826	7118	1397	2616	657	2322	3045
151	6596	1493	380	458	41	6989	206	5516	268
1341	2528	4259	2577	5234	532	6427	6978	1226	3106
836	4846	1217	6221	4770	5014	308	1064	975	7818
2283	2474	5463	3248	1301	6282	7679	5537	1818	404
4232	2345	2463	2129	354	1520	7755	1012	6801	1340
7602	3916	7760	4282	1791	4248	7380	3877	598	1457
5331	6436	5491	4609	7404	3905	4246	1107	4293	2285
4340	5398	5617	995	485	6337	179	260	7953	4912
4614	7424	1174	3756	1969	2447	1539	5696	2199	369
887	3314	4499	4098	7269	4039	861	6853	1114	4152
283	2518	6921	7652	6498	1059	1691	5500	5188	5542
6089	1387	2244	3181	3061	7606	5572	4845	4745	3421
7085	6800	3347	4475	68	4096	3322	644	3660	5221
3513	3096	7780	3502	6547	941	3822	5933	5737	767
3203	226	5763	7075	5506	2745	6012	3474	6009	3302
4676	7303	4894	415	3422	6935	7472	3821	7499	3061
477	6386	1308	3954	6420	3906	6656	3386	3735	2975
1431	746	6041	3145	6348	1230	2979	1078	6356	6601
5909	3536	7389	7532	2446	7536	341	2148	2257	4500
6049	7573	1702	5446	2545	6490	7218	2234	7601	1551
1741	3871	5081	5422	3492	837	5659	2004	2233	6600
6540	5392	5445	3740	997	2182	6102	6973	6429	4196
3946	5212	1739	1507	5686	4923	4895	6087	1364	5164
5840	7897	3981	5591	7468	5807	6999	4410	3396	1321
5091	2637	5348	4555	2481	5170	2394	2612	5223	2429
3026	2667	144	1956	5716	2682	627	1265	2749	3752
4370	3339	6100	886	3623	7358	4297	6504	262	4707
5727	4657	4273	6936	5300	7382	3569	3033	5764	1667
12	2590	6459	2961	6342	4069	2294	535	7147	5060
2031	6438	6547	4802	2001	640	1230	3108	180	2987
7467	821	7226	4954	7028	3964	1081	1416	339	5111
381	4460	7072	7265	3087	7660	3985	1340	507	6148
6566	7211	3462	1935	2965	4894	1742	2948	7174	4377
4481	5521	6948	6456	2375	5644	7199	5605	1831	1558
5413	4557	5310	260	632	3273	902	5219	7723	5959
5814	6584	6183	6816	6500	1523	3828	5118	7278	3027
5594	4895	7697	2220	7335	3186	1300	6524	7400	7312
5459	5090	2731	1091	6700	233	6411	846	3393	5847
2043	5598	1481	3099	1126	1429	2176	6520	4025	2010
7944	6663	7904	6331	5516	5455	6679	7158	2917	2243
7038	669	2248	4773	7357	2083	1967	6755	5792	1241
5711	7794	1150	7258	3060	5801	7463	168	1219	6842
2663	2310	2247	2696	6225	6640	353	6125	1301	6259
5266	2178	5341	4822	6709	4957	6071	1134	6338	3740
4245	2765	5312	5703	1503	3068	4389	583	4934	3223
4161	295	6253	6549	1692	7857	6089	6595	1662	3353
2890	6462	513	3806	5339	4548	273	898	3782	3767
1258	830	1792	4663	1612	5662	7724	7537	556	1910
6489	4131	1980	3733	642	3748	2214	5912	1429	1504
2250	403	3539	1004	3816	3356	3823	2120	3089	5918
7445	7747	4233	3116	7235	1033	5681	337	3974	4702
4788	1287	5500	7085	3037	1531	6757	5025	7343	1221
6878	5739	1427	2484	5196	3138	5716	3803	2684	3752
6508	4528	7145	6774	548	5312	2286	842	696	1103
3297	1570	722	7909	6565	7209	6885	6524	7035	6971
7352	6504	219	3816	4271	2754	7185	2532	577	6188
883	2815	5414	6779	27	5950	5316	7915	1445	7353
1351	3273	4517	371	2802	3230	253	3811	3390	7843
5968	103	3785	1419	564	4529	6588	6941	5233	5635
3152	5843	7550	3282	3460	2413	4116	5098	7944	2909
216	2793	5176	5823	913	4749	1354	133	1553	2755
3449	2382	4928	177	3688	7781	5102	3161	2948	6441
5982	2910	1775	841	379	7939	3939	546	2760	242
4693	2146	7923	6698	2710	185	4204	5796	4523	3180
1686	6068	7271	7773	6188	7225	7548	6688	2312	3590
3432	5406	2537	618	187	6775	1698	7303	2810	3588
999	5359	1250	1121	4766	6106	679	3522	1644	5029
5686	4523	5301	5121	5565	1739	6749	7348	864	7324
1457	5635	4502	564	3795	2529	2913	316	1874	4248
2153	6174	784	3466	3491	4351	3533	6091	7578	1837
4374	4507	2433	3513	2031	3096	6438	7780	4862	5027
3871	837	231	4438	4512	3492	2233	1058	6336	2107
1972	2051	3015	5407	4368	6695	2320	2066	3825	1610
5700	6257	2168	3349	7647	3746	2630	2679	2193	935
3490	4109	2307	3548	1794	1929	950	6991	4314	193
123	6460	7533	5655	271	7742	1846	3260	611	710
1517	258	4976	6000	774	3069	2910	3939	841	3297
1711	362	1094	1042	1424	1597	2244	3599	7916	6045
1052	3244	7487	4507	4374	3466	3123	717	3380	7341
5487	3244	5482	717	1718	5379	1592	7157	4224	3560
7726	6254	6741	5586	7541	6605	6125	2356	7839	2571
279	5119	2967	139	6615	4662	1971	1809	6390	5232
135	4778	3838	7219	3581	346	595	7314	7256	5676
4747	2244	5585	5428	5405	2806	4565	6313	6706	3035
5402	3531	5777	7362	1802	150	716	2537	6128	1116
3126	2181	6268	3813	5658	384	1034	5018	5771	1120
3314	3029	4961	4341	2244	1205	4940	6414	4493	887
4402	7822	5360	2141	1688	4907	6765	2261	3781	6514
4909	6763	5204	5077	6775	3422	7754	2582	4041	6057
7800	6147	5943	4963	571	5464	5086	6326	3141	7032
3178	528	6465	7881	7369	5704	5937	6337	7759	1483
6797	2520	1468	6007	4576	5648	498	5118	5262	6816
118	4792	3835	2522	7385	5836	7450	6953	3281	3606
1842	1944	1225	1837	825	5385	6217	5796	6817	4198
512	5884	4927	2311	6150	2730	3191	1958	1867	1102
4901	7295	6366	6893	3726	1917	7211	1106	7609	6548
3992	2665	5035	7482	1578	2659	2637	7776	2315	2583
2505	3199	6915	5093	486	947	1243	2517	856	2162
4792	4275	992	4449	4583	4787	4918	3281	4546	2395
2645	445	6705	5227	872	3766	6385	4022	6469	2685
7129	7103	2791	994	1703	7231	4234	7063	7027	1377
4958	1134	3740	4858	1276	5194	6989	3086	2182	396
4365	7735	1469	2984	4358	5748	6953	5441	1708	992
2901	2804	6542	7685	7182	5595	5664	1458	1400	7465
1595	1786	4332	2265	7834	4432	7476	153	5859	2220
81	4375	2406	1000	1691	2327	3816	3995	4617	458
1679	2859	180	3128	3096	2726	3513	4199	7568	3108
1260	2589	5283	4747	4896	3722	7634	2106	4482	1055
5437	4823	6998	89	7077	679	2593	5587	2436	7213
547	5116	6953	5836	2395	1441	5441	5748	2984	5994
2729	6886	3109	5211	1914	1301	4527	3787	3353	5994
7743	3627	4291	3907	5497	540	2533	2927	5869	4247
1329	2488	5018	3813	1058	6731	7642	5282	355	1729
109	6990	2717	5346	4768	4552	7650	3184	3324	3610
4192	7694	7501	374	4617	4613	7225	2502	5191	1730
5644	1831	2820	7199	5521	6514	2375	4481	6948	702
273	5242	7938	860	6997	5024	2920	3965	4026	39
1691	2012	3470	5597	4928	2947	6359	5858	1429	5367
1290	1273	2354	3286	7010	7394	3801	3632	6809	3531
3429	2459	6030	1628	1782	6791	5493	503	6359	7959
1568	2969	2441	3468	3069	1149	1456	6415	7877	3019
1659	2491	2293	5278	5707	4253	3514	810	6036	1814
2269	4875	1735	4714	3672	5699	1891	5730	4893	7046
4888	6263	4510	5929	7549	7894	7646	6176	7182	7465
2826	3590	5457	7225	2754	212	6504	4371	2532	3639
6139	4790	5528	3285	5038	913	133	160	3516	1250
5167	3881	2765	814	1142	583	2789	6602	3525	6051
4371	2010	4556	6064	1587	6942	286	5955	1429	6244
6851	5456	461	4286	2172	2632	6823	6526	5232	128
4575	654	2141	4993	1831	5644	7184	3749	7454	1665
4116	3983	5505	5864	5766	7550	7331	3152	6688	36
4038	4398	6166	1355	5796	2031	4453	3108	96	3096
7349	1812	7043	5628	5142	6109	3088	6146	5511	4062
3977	149	731	7286	1992	2736	4249	4935	5970	6013
858	2401	5950	1866	1073	5414	6837	1227	7341	2901
7804	2723	4103	6272	5520	582	3190	6375	6753	7477
6809	7242	129	1340	5991	3571	4460	5203	1254	4899
3152	5843	4116	7550	3282	7603	219	3160	3740	4745
7300	1338	4828	1196	4592	3612	3166	6979	5965	4660
1609	1674	3115	3971	6641	7763	5369	1038	6017	556
6933	6680	7715	5970	7702	1057	6063	924	7910	5713
6480	7051	2634	2263	5756	5788	3462	6688	7773	2942
3063	1176	1300	4121	7697	1183	5138	2092	6301	7400
844	77	1661	5183	7857	3006	6324	2795	80	2856
373	6206	6456	206	2949	539	3623	428	2375	6587
6336	243	7310	3475	837	3871	5040	231	6600	2526
4882	3487	5632	4685	7017	2708	3461	4154	1730	3175
7432	6442	4146	4156	2541	5404	394	1697	185	7638
5850	3948	6399	7244	5585	2327	503	6653	4694	330
2664	5594	7426	6524	2979	7075	2220	3840	853	5143
7067	7120	2480	4567	6972	1623	7866	325	2024	6865
2451	3137	144	2749	1002	6426	1799	5326	3026	2142
286	1429	2896	4688	1504	4055	6064	1770	1440	7571
3414	3186	7312	3295	676	5594	7697	7766	3228	7400
400	1266	5769	1225	4451	6744	347	5763	5545	5678
229	5312	2110	7009	938	6202	943	358	2508	3473
3436	1476	4284	677	3938	3641	7941	1757	6805	6839
7261	6839	8	996	152	5851	5873	2434	6468	5929
2095	5833	1971	6615	951	1809	3767	903	4148	3662
7621	4023	2788	7345	4256	2615	4102	3550	5160	4753
6519	7406	6881	6752	7632	90	788	5348	3282	1320
7075	3934	5670	2664	3203	6781	226	5594	7304	3952
2836	184	1022	5730	6356	2568	4633	2057	701	6015
3315	6814	3009	3816	5262	5702	3132	5872	3227	5261
7639	4502	1056	4659	5712	5973	1239	7380	2654	240
7536	2446	3536	5909	7389	7532	6341	7247	5502	4500
5144	7184	6916	702	1223	4993	1743	7454	4575	6509
2996	2174	639	2713	1872	1828	3856	3104	549	1197
4991	895	4052	6348	5789	2732	835	688	4954	2351
2341	557	579	5367	7840	2932	54	6281	969	474
1588	80	2814	3579	4915	7269	3000	7783	3999	157
6971	6781	3176	3186	4934	3272	272	3575	6426	6524
3610	1243	4768	2976	1204	631	109	2717	4672	6990
2762	2463	4232	6764	4936	163	7990	4297	4206	2345
4314	950	2219	4109	193	3548	5080	2307	3323	6991
6320	7172	879	5210	6350	2655	2546	1078	6475	6297
7119	3128	5730	5963	1022	2568	5758	3513	6378	976
5833	6896	2095	4741	951	898	6907	3767	2112	3640
1242	4083	5267	3458	774	3439	3246	112	3741	83
4913	5839	4056	4207	7449	1739	965	1189	3411	698
1821	5379	6043	3076	5705	1728	1189	7432	4056	128
6081	4028	7065	2884	6157	5792	5567	5168	2467	2197
1891	7029	2486	5699	3672	4911	5859	6524	5558	4780
3235	5897	6546	3434	2702	1594	5375	940	3317	7353
3970	316	5990	103	3499	1558	3785	564	4981	5521
7016	7774	5034	4104	1073	7573	3272	3488	4140	2822
2702	7646	6546	3434	6708	925	7481	3235	7629	2103
5792	5533	132	7038	3521	7788	1816	7357	131	6986
1582	6316	2842	3744	2054	2033	1854	2031	2668	2836
4004	7684	4695	820	7424	3881	4962	7175	1062	3855
5150	7821	1471	6120	3972	6576	4041	1988	5821	4386
100	7193	5263	6295	6110	4900	6178	2317	278	4032
6533	2944	4807	4558	2961	2718	4441	5292	2403	2294
7566	4676	708	4476	740	6201	4776	3239	4533	7499
4615	4025	5178	5926	4093	6807	5971	1080	3816	2947
6559	845	1838	4647	5808	7841	2396	7107	5491	5331
1366	5066	4080	7342	5024	6907	5242	3389	273	511
6428	504	4504	787	6730	490	2074	1989	6379	5872
2647	6623	7642	1120	466	7570	4646	231	2488	4358
835	3156	2595	1434	31	2802	2945	4404	4439	4654
5113	448	4369	1315	4271	2428	7155	7457	86	4008
2682	3026	144	1268	2084	7479	1503	297	5003	5809
5333	2586	3086	3020	3117	7084	5178	6122	2182	806
5485	1416	3159	4037	7226	3964	1592	801	5349	7547
3221	6931	4081	6503	1027	5484	7023	6721	985	6804
5720	1283	4928	2034	1604	3688	1573	1318	5170	4343
2459	446	6871	2240	2458	6030	3443	6761	2117	3534
5555	5643	4539	1104	4449	4228	4792	4268	6365	1981
5051	334	4583	203	4258	5153	3659	6163	2197	7965
1140	1859	5290	6168	7620	2795	3894	1782	7050	2738
6966	5824	816	5953	354	2953	7609	5188	1504	1106
4118	1429	1770	2010	7096	6970	6064	789	6244	286
132	5533	781	5291	2181	3126	1816	6190	5658	2564
2206	6591	917	4882	4154	7534	7017	6479	2949	5648
4976	7209	841	3190	722	1411	7939	6054	4247	6293
2047	450	6987	1206	7260	7404	863	6436	5310	768
478	4947	953	2913	6785	2935	538	1822	1953	1791
3009	6307	1974	3816	3774	1481	5621	664	577	6970
6577	3725	902	4518	1148	1244	6521	5465	3512	4340
7028	3656	3754	7549	4719	3159	4166	3129	5279	5349
1665	741	6514	7483	1831	2141	2820	3781	702	5644
207	533	6317	6803	1863	7421	2867	5631	5808	1972
507	7265	6224	356	655	2699	1931	5987	3363	136
7132	6127	1221	5971	2947	2176	7781	3717	833	4025
7214	1271	4112	3678	2013	4893	3411	5216	1739	7890
3759	7004	6917	1864	7698	7751	3777	5595	7968	2906
1575	3267	7902	6991	3927	3178	193	326	453	6437
2546	2936	5684	7180	4505	3435	5181	304	6530	2088
3327	937	6196	6843	755	1752	4972	6759	3268	1936
6508	5117	4376	4931	7136	246	2404	5055	2508	6415
1678	7218	7046	1928	5859	4710	910	482	2769	4780
3031	2586	4852	5499	3117	5575	1750	7386	5333	7085
6485	2751	4719	4224	5231	7029	5227	6959	1768	1927
2179	5525	6280	7979	3285	5528	5038	6831	769	7920
393	4861	1452	5507	1177	6913	5844	4377	5269	6108
1929	2307	3548	4109	5691	1794	2316	3323	6991	1810
111	2394	7666	2614	4422	5402	4555	4845	4013	6982
183	1481	1841	6942	1367	1587	1082	4650	5702	6886
5654	6789	7046	798	3297	1928	6134	1830	338	6984
1351	1474	3230	5900	2802	7801	1131	6395	3273	4111
1123	262	2790	5918	5597	2738	577	219	1165	1873
3846	358	4765	4247	5330	6485	4291	58	2533	841
5014	4267	7351	5454	2909	7855	7900	3045	6761	3417
6527	80	6847	4387	4881	4555	6269	2481	1579	5133
7689	5775	884	2734	4184	6192	381	1104	5741	1672
6560	4213	3473	4834	910	459	2198	6372	1920	1702
5544	1087	3039	686	6730	7211	6710	90	3851	4076
7801	6529	2071	6274	2981	7953	5531	6577	3502	91
6381	5173	4107	3615	4628	6395	3273	2676	4404	762
1272	803	3245	4359	5913	2931	4181	2902	4394	4087
7968	6041	4034	4042	4166	7465	7029	1189	7182	1210
1391	2559	420	6619	4482	6639	5602	4399	1069	1954
368	7810	1099	4477	3215	4365	345	5249	1892	4626
5040	3871	837	7219	5441	5748	231	2526	243	5836
3966	4892	451	1750	1116	7390	3363	3165	1017	1963
2206	3717	2661	5648	6591	7492	6537	2949	7678	3487
6043	6618	7432	5407	5109	6939	7160	5246	5705	1501
3188	6919	6127	245	6108	7132	2829	770	2382	7781
4776	3061	1165	2816	134	908	6120	6576	7118	1278
3879	1723	4151	4974	2541	875	2743	5790	1306	1697
4085	1963	136	451	1931	7050	6224	655	7223	507
7991	3766	7968	201	1866	3759	5642	5692	2401	6917
5442	1091	6411	6875	5090	7001	3544	3144	1583	3876
4022	6828	5237	4472	2507	6507	1400	2847	6917	1866
4093	1782	5755	2322	2721	6761	4881	2043	7050	6527
7216	4914	5063	197	1460	7240	7189	3657	7977	6815
7103	2160	4091	5390	6356	1712	2404	4525	6363	5504
776	4963	3620	5409	6416	3685	1420	4334	2447	4323
2694	2029	1769	5072	6971	3506	3158	4024	7209	2733
2511	5197	337	4535	1265	5894	5434	6295	961	7235
1407	5286	7135	1294	4032	1937	3049	3465	1939	5751
7751	1866	4331	5854	6664	3777	2163	1864	5626	2940
4635	1015	1919	2290	6017	4490	6493	7238	7897	5131
837	3871	4610	2233	4438	4512	231	5081	6969	6336
4278	7440	4277	5306	1670	4475	644	4096	6804	7045
3217	2234	6391	3376	7189	2130	968	3818	342	1413
1590	1699	4695	2121	3280	5951	2579	35	3138	1125
5848	5251	3229	3426	1378	6267	7493	6384	7115	7372
4134	5335	6926	7528	6989	5215	410	5233	7358	7199
2525	811	6638	5068	5812	338	4092	5286	4965	2553
5113	7021	417	4369	4271	6586	862	2263	219	4534
3750	931	1685	2938	6205	7335	807	6403	4605	6265
2296	3918	3344	5890	3508	2058	5775	3895	5702	1367
4934	4431	7659	676	4530	5908	7030	6565	6524	4445
3095	7459	2439	4068	2086	903	5024	511	5232	6553
5523	852	6783	2392	3472	2866	5225	7801	5680	700
2827	5970	7910	616	1072	4755	2089	2144	3163	1023
1183	6883	3804	4198	1266	4816	480	5670	6593	5763
658	7529	5962	1190	1858	5634	7653	5132	2333	1006
5852	4632	6192	4787	313	4085	4546	3683	4918	3087
1633	2065	4565	3851	4377	3462	5084	5389	3265	6619
5401	6650	278	1958	7115	2774	2741	627	7721	4956
7803	1814	861	307	36	5463	6218	3839	810	1596
1587	1278	7571	6942	7717	286	1504	2896	4688	5214
7365	5292	3298	5302	6099	4655	7298	1994	2215	7457
3800	4474	1235	6594	7260	193	2219	5617	6991	5806
4772	5468	7464	3109	2947	4928	5211	6886	5102	4025
817	343	2904	322	5228	7872	4637	6777	497	2764
389	3110	3928	7758	7260	7369	950	6594	7994	632
4154	7383	7017	539	3487	4882	206	5262	5971	6591
4410	1437	7539	6855	7738	7991	2685	2979	945	5085
3773	641	1808	4692	5358	6587	730	5521	2375	4222
5623	2929	974	5524	4255	2327	3677	738	7202	3823
1254	3936	622	177	4940	4096	3347	1738	4396	5102
1213	1675	5524	3588	1048	5756	1367	330	2414	4036
1471	6172	5150	7821	3821	4386	5590	5821	1988	3972
6218	7803	6209	5092	4225	1596	7983	3144	5318	5090
1794	1929	3548	2307	2602	5509	3323	995	4109	1483
1955	1147	6918	1069	742	1935	4415	4894	4493	4098
7688	118	7810	2177	3459	7450	365	1708	4457	2662
6084	7882	3944	4395	6674	4328	5719	7392	2500	7370
2159	2785	6592	636	1911	3027	7858	758	2671	3160
4007	1239	2654	851	6452	4701	2897	6674	3010	4502
3622	6582	60	3940	961	2709	6215	147	1136	2764
7519	766	6076	7617	4351	5694	7274	2642	676	6111
5596	6580	5981	3153	7197	1577	4599	5099	750	1643
6436	863	2350	4625	2775	7466	7404	4910	3822	935
5131	2433	1321	3938	6839	152	6468	5626	5929	7897
4143	4027	6077	6814	1481	2800	7344	787	3315	4794
2003	4330	1245	1046	3501	3891	558	7332	4694	3188
3241	3232	7093	7191	2898	6953	3486	7020	1003	4724
4259	3106	728	4182	1918	6445	5890	3099	4690	4901
1352	5431	677	1643	3778	1268	3017	5840	4273	4212
632	4647	880	845	5310	4293	1107	7260	7758	3648
1487	2733	2273	4034	4165	3758	3271	1210	1712	1790
7323	3626	5745	550	5428	6010	2256	3174	489	2166
1304	1118	2688	5380	6431	634	2647	6005	6151	2124
7348	597	3760	2057	1422	5487	5121	2193	2054	5546
1811	3304	4802	6203	1124	6747	597	1230	5424	128
302	6887	5578	7755	7346	5983	3131	4860	2221	1750
3312	4759	6548	2954	6893	1367	7609	1082	2795	3588
4378	6709	7296	1233	4957	3424	6608	5262	2829	7855
5270	6535	7565	2599	5435	5860	6805	3396	1796	1941
7655	1420	2091	621	4589	795	4963	5464	4651	3620
3705	5827	1852	6077	2973	5052	3377	2247	5586	643
4221	7855	5035	4277	5348	382	5540	5612	3619	2520
1590	1702	2579	2545	3138	4511	5739	3288	4173	189
4225	6411	1091	5459	5033	6700	3125	7072	5442	6184
4898	3889	5014	580	109	3743	2301	3424	4267	3011
7563	7987	1437	915	2237	3030	7241	1317	5005	2598
7960	6908	3009	5777	716	3774	7840	2028	2612	4444
4369	448	4271	1315	7457	3298	3870	5113	5457	6900
1527	2287	4505	1624	3438	3343	812	3926	4741	3737
4483	3226	5072	4339	7175	6050	4301	7527	6231	1030
5424	3111	4110	3156	371	2802	3849	5432	3351	4517
4018	5028	3628	6678	986	6367	616	2257	4173	6660
4820	5638	3006	6324	3894	1367	4405	4513	2795	2810
3654	669	997	651	6713	2022	1304	6376	6429	5278
160	2422	4749	6307	1328	3619	5593	908	5261	2646
7154	3389	2863	5902	5372	7881	7526	1584	2673	2890
2133	596	5151	7094	5925	862	3913	4137	6135	5147
5406	4824	7765	4561	6710	4665	6898	2536	4499	3897
2160	4854	4505	3464	456	2506	211	3388	1210	4322
3505	2472	4121	6271	155	1090	2642	4017	3754	7987
2382	2948	2947	4901	4928	4881	6406	645	3052	3748
1974	5079	3774	673	1481	2186	3950	1604	718	1754
4004	4695	4445	2005	5391	6401	379	7919	6384	4092
70	3543	4005	4923	1562	7984	4514	143	5959	1524
1766	1519	5553	6010	6141	7114	4090	7181	7323	2166
836	4846	2418	5014	975	308	5250	4770	7818	2583
4246	5310	3108	180	5959	7807	1704	632	7260	4293
1632	1209	1280	889	3897	6483	5925	2606	6734	7827
2486	5743	7487	828	1891	4911	7029	6124	3672	2568
3646	5597	5955	6244	628	577	670	4123	1122	664
6921	283	2518	1059	7652	2076	7309	5457	7569	1040
2915	880	2204	4922	1618	2695	53	5456	632	1092
3255	5220	1915	5558	6388	5190	1987	1864	3122	3818
1363	5062	7697	107	5782	1300	4305	4140	7312	5034
4351	4269	7327	830	1638	7929	6909	6625	5412	7426
928	2470	507	6224	7084	1672	6804	5494	1931	4244
2303	1196	852	1338	4316	4828	7802	443	987	1489
5627	2460	1003	5836	3486	3546	2522	2881	3018	5019
5596	6580	79	4599	3153	5279	5099	2739	7197	5981
7866	4282	6504	196	6008	3749	5475	4746	555	4863
1004	3539	483	4513	5673	3356	1481	4123	1086	2245
7479	6105	1503	3207	5431	7545	7395	7214	2545	1079
5859	4780	7633	7834	2220	6524	7029	2266	6024	5229
587	1389	3595	2141	1688	3205	6514	7762	7483	3781
7559	1634	15	5700	1024	1863	1529	1092	397	7421
4630	2699	6804	7952	7641	1750	507	4771	3363	1276
5935	3376	1760	342	3507	7000	4364	4908	2449	2130
3584	2122	2707	3840	842	7426	3826	3207	4119	5143
5272	2006	2964	4404	4654	5173	3390	4628	2802	3351
3666	3586	4617	4443	4613	5191	1315	3175	374	2720
531	5821	1545	3688	7960	3172	3299	6064	4025	2014
2180	4909	318	4543	4891	6235	5077	5618	4763	306
4716	2516	7934	7942	3193	1384	3341	5240	4900	7681
725	1700	4795	7211	6445	1918	4690	9	7949	1754
3603	3514	5555	2329	236	3660	7124	3668	3693	2293
106	1819	499	2936	7257	948	5119	6615	4084	5959
1376	3055	4088	7627	1749	3458	7028	6048	4249	760
1353	2594	588	3896	1280	1534	5175	5088	2807	5277
2968	3713	2180	5044	2807	6377	2118	3690	3236	2559
1113	4452	2472	6271	6625	777	4351	3154	1183	6454
3102	690	5687	5789	2732	7568	2320	3533	5085	4011
4501	7378	252	2793	7713	4133	1677	7037	7590	3059
4329	7579	1002	1564	296	340	1203	3245	1028	3008
5950	3313	91	3822	4034	3096	3513	2007	3348	2842
4505	211	6060	6297	7596	951	2506	2160	304	1679
6865	1447	5433	1762	7067	3037	416	1531	4278	2278
4113	1553	3516	5797	3651	3243	3035	3239	887	1698
6627	5406	4785	5925	192	6706	791	1938	7546	5277
5855	7784	7736	5837	1716	734	4344	1066	3770	2045
3053	6128	111	4241	7666	1466	7853	5079	4838	4261
3336	7451	605	6401	6943	2084	5286	7479	7274	1503
4893	2279	5924	746	1022	7806	6999	5730	5373	6467
925	5099	7471	3931	5853	4599	5224	648	3932	369
3466	5482	5202	2153	7151	2249	6528	7029	6265	1153
3611	225	128	5760	4581	5700	1790	2630	1634	1494
3615	6564	7759	5258	3231	180	5737	4628	7369	3270
5201	2424	3943	4195	2977	3834	1300	1699	5591	2121
2219	950	4314	4109	3548	2307	193	4731	3323	161
3735	6686	3193	7934	93	1023	6656	296	5240	6367
1243	3610	7920	4855	490	2965	947	1276	309	1684
7235	337	3974	4233	1033	6083	6701	4702	1867	2324
41	1284	6008	1747	2319	5078	6459	6596	3520	1049
7112	2027	4207	965	7984	1697	1674	1411	3145	4777
3877	2529	478	2913	1791	5635	4947	953	316	3795
859	3375	1797	907	4091	463	7466	3489	1679	3927
4916	902	7180	2673	5977	4689	6960	948	6078	3725
6638	1159	5812	2084	5501	6451	5162	4360	814	1889
1978	4798	2204	4602	7405	1853	7251	2966	2541	7280
1268	1939	5751	144	2938	5431	4599	7471	5716	5893
302	6887	5420	2221	7755	7452	4860	7346	5578	3131
4343	2348	2034	3087	7949	4077	3807	4795	4690	3535
2641	4744	3083	7402	5925	1946	5302	2536	3374	6709
4529	5233	1419	564	2261	5605	4692	1822	1808	2375
2387	6898	2443	1559	5722	4747	2728	2528	6209	3878
6265	5486	3811	916	5301	145	2007	40	695	3502
4892	3791	5603	6394	356	2947	4772	3283	5211	3165
2391	6612	7067	6972	325	4046	1623	4282	1526	7036
4467	3122	3399	5083	110	3957	544	4135	5190	2562
5380	2688	1304	2022	6869	7104	3663	263	3798	6649
1920	2568	28	3302	5796	6309	7449	6745	4448	698
425	2450	4796	2245	7725	5918	1991	4461	2549	195
5325	1504	286	4556	6281	349	6561	212	1587	2502
2151	7631	4880	278	5190	1915	3399	7479	782	5201
1811	31	5424	406	4732	835	371	1124	3304	3156
5280	5786	2374	1324	1185	2642	7033	3920	5138	572
356	2498	6737	1931	312	6773	6821	507	2369	5858
7694	4192	7501	5515	4617	6034	374	7225	7158	7550
3154	2472	1113	1377	7027	6625	5138	5034	1363	4452
1136	337	6813	1867	4535	3974	7235	4637	2764	4702
2097	127	6524	4410	3396	804	2937	2832	2220	6629
6595	6253	4059	5249	365	7041	295	4626	1199	2328
433	3714	4629	2563	7933	1392	7661	1800	4194	1384
27	1445	5806	3111	2351	552	4110	5080	950	3156
6949	204	3096	3513	145	687	5946	7750	5933	4923
3850	4155	1555	1398	4779	7553	189	2317	264	3887
7448	4162	7408	1297	3527	4478	129	3870	4670	6513
1951	4508	6355	4572	1076	6173	7905	7754	7541	666
5435	6134	3829	5329	1796	1090	6748	7691	7651	4339
6508	5192	3919	2509	2274	6522	5903	6971	4208	1536
3153	1568	7573	5482	4633	3468	7218	55	5008	6936
7091	1169	3475	7310	2841	1464	6336	2997	6028	5992
5893	7497	677	5431	1939	5218	5734	1268	3803	3386
6556	3540	3440	5480	4049	5776	5777	1283	3109	5211
4375	2406	1165	2790	7606	1440	5572	1789	4116	4611
4458	7974	3451	5799	916	768	450	2047	1365	364
3947	3510	774	3583	1378	5848	3246	6093	7493	4595
5292	2118	3298	851	2590	1053	633	4069	7147	1239
364	3348	7029	4212	7971	5946	3964	1569	4991	5558
7661	776	5074	7523	4930	3220	1060	4562	795	2164
766	7519	7967	6111	4351	2642	3907	7033	7304	6076
544	677	5431	6936	7906	1352	369	1849	5908	1057
7211	1918	5170	6445	725	6325	629	54	405	198
5617	5398	2639	3051	762	3866	4254	4114	6333	4310
96	6323	915	6495	4490	6017	7763	7489	1210	6166
2866	5225	443	4199	3389	852	2392	4084	4254	7802
619	2326	2657	2210	7234	3190	1225	5613	4103	7447
2248	4325	7645	1105	344	6986	6796	1506	4454	1658
2871	6983	6524	2220	4723	2368	7573	7945	987	7845
1301	7050	122	3248	1175	1342	6282	7869	6653	3087
3193	3735	6656	2188	1002	6686	2121	7140	1699	7247
854	5099	841	6110	3939	4900	427	7032	7939	4515
7033	2642	155	6111	766	3070	6076	7519	5138	2789
6056	4726	3375	2273	7432	5247	2404	6217	5805	6485
555	4564	7023	5645	6981	2141	410	7695	5141	2221
464	2543	7704	218	1994	6512	4441	2848	1325	6884
4139	6189	4987	5531	3502	7097	918	6437	6133	1704
317	6053	6710	6400	7167	6074	662	4788	7765	3914
2911	2699	1490	4860	3779	2939	1346	7604	7628	263
1782	3659	7050	356	5677	1835	3087	1914	4093	6862
7006	3816	5239	5866	2200	422	2661	5926	2120	3823
3085	4568	7064	3161	3638	5971	3511	3227	422	6068
2742	5937	5762	2285	1929	6754	3548	2307	6991	1483
6676	7970	7401	473	3247	7638	6911	3180	5268	5126
5433	1762	4736	6865	7913	3046	5540	1670	245	4565
4255	6184	6733	4574	3296	2327	5825	7071	1964	1802
3511	4206	5244	7064	7781	1686	6242	1687	6239	2200
4862	3915	492	225	3244	2887	5963	4126	687	2775
2742	2307	3548	4109	1929	5937	6991	5762	193	5509
7669	6137	7845	3279	6149	1751	7836	6629	2889	830
1664	1898	3667	2467	6418	71	3835	4622	3990	5153
843	895	3096	4240	5546	463	552	1434	868	2602
3816	577	1004	664	219	6970	5926	3541	789	1080
958	2062	3751	2373	5636	711	5609	1410	1117	6663
5829	6942	4371	4025	2010	5955	5214	3639	7717	4569
3151	2145	7703	3503	2417	7616	3889	6645	4449	4898
1493	5563	151	2141	6989	2319	1665	3781	7483	741
5821	3061	4041	44	1988	2846	6045	1299	6569	5590
3954	477	6386	7680	1996	1793	2324	6117	6701	2407
6051	2789	1274	2147	5693	7712	7145	107	3852	7231
1868	5099	2804	6580	6542	379	1551	2892	3434	7685
4792	6862	6821	5647	4772	2998	1763	992	168	2184
5924	3618	973	7585	672	1844	2398	1674	5461	4780
1075	2083	3514	3603	1763	3968	5672	5731	4792	1506
689	6712	1544	6847	1782	7522	927	6445	4133	4343
7120	6804	3020	5577	2278	6721	5104	3445	1040	6892
37	5503	861	2283	855	353	1804	810	7416	1789
2033	2284	5230	327	883	5414	7353	891	3882	1582
1913	6705	6001	2452	6385	5446	923	5591	7991	4633
4513	4902	1371	1859	1064	4288	5290	922	7194	6743
1900	3816	577	664	7352	5239	5261	219	2120	2200
3302	2979	1210	6530	4345	4410	3466	1968	1728	2598
6853	1071	6647	354	5744	3144	5090	7756	6414	6112
4732	6430	5080	4314	2219	794	371	7843	4517	1509
3201	4430	7027	1377	6332	4791	7494	7304	6174	1324
151	6816	138	6596	5118	7272	7347	1747	251	7415
7555	1886	5301	4573	7324	3348	3003	2843	1416	3887
7104	6869	1571	2055	1490	3663	6649	2364	6654	5380
4524	6340	7177	6546	5671	2951	4905	7702	3434	7222
482	5859	4155	7029	5596	4780	2097	7834	5229	7312
641	6152	4481	2848	6512	6456	4222	3773	5057	6319
6820	7956	5351	5941	7552	6328	1874	437	5779	3785
7735	7385	2984	5168	6953	2059	4583	2995	4753	4449
3457	7835	1611	4612	1998	6664	5580	2212	5800	1090
6591	1465	5648	5023	1734	6025	1158	4099	7488	6816
5675	5188	974	5325	670	1409	2720	7609	7159	5568
7981	4393	7341	3244	3885	5202	5854	7549	3380	7251
3025	2857	7344	286	54	1770	7710	2790	3814	7606
6428	504	4504	5325	2413	4685	6561	1730	3461	3462
4701	5351	6505	1447	4502	6328	7528	4117	4237	7602
4613	3192	2312	2502	6913	6561	1911	1730	4047	7225
3261	3460	3424	6258	6709	4832	1776	4957	838	4378
7225	2826	2942	212	3591	7717	5214	5788	6427	7729
5050	5861	7431	3538	3464	6363	2396	4052	5364	2193
5999	2894	7318	7585	7968	5558	7465	828	5626	7182
6678	5049	2089	6197	7532	7389	3536	1294	2257	4500
290	2158	1400	5067	5747	7016	2401	6837	3617	3505
1960	1754	7949	3431	5170	5158	1604	2800	6445	7819
6275	1623	6972	325	1526	1546	4046	6955	6279	4277
5078	1733	2312	219	3520	2413	4131	4945	1980	5632
106	499	7257	5704	2478	5642	2565	7126	1331	2546
795	5106	776	7648	1386	7655	7299	7128	1451	5409
5966	5657	1218	3201	2416	6508	6601	7455	2374	6692
29	6090	7093	2898	2365	2177	4724	5124	3980	2662
6166	96	4038	7662	7489	7763	6017	1210	6323	87
151	6596	2899	1747	4618	5118	458	6816	5632	4882
763	6980	3635	2518	6899	4369	283	7347	5759	5421
2913	1791	1822	598	3795	538	4529	7893	953	1419
3621	7147	6887	2221	437	2635	5938	7811	7387	2052
7094	5277	6619	862	966	7402	1478	3462	1633	2559
7960	6179	5355	1373	3342	33	6824	3308	3726	5980
913	3361	3979	1080	133	5918	2245	1082	2616	4618
7106	1262	3780	4018	5083	5028	2317	1460	6110	7531
1941	4970	1611	4351	2163	3549	2279	2212	7909	3457
1262	7106	3890	6110	3780	3819	500	4900	2121	1699
6925	4155	6175	2097	164	4719	7894	3744	5946	509
758	3462	1851	7211	783	4182	2634	4105	1911	2263
1179	1817	4074	5708	7463	168	7794	7082	992	7397
2856	844	77	2549	6077	4555	2857	6220	2328	7916
5103	490	1465	7045	410	3487	330	3165	7781	5215
90	1055	6881	7057	5817	2588	5969	5348	7979	1087
7274	6076	1503	7479	6228	5054	6644	5148	605	2682
2559	6619	5602	989	420	7402	5269	4399	7913	1633
4370	1134	3020	3740	5382	5104	4958	2062	5766	3404
1699	3399	2121	3122	4851	4032	1021	505	7618	6178
4995	4669	2731	7070	4263	846	4792	1506	1199	2998
1348	6320	3859	617	424	1331	6465	4038	1566	7172
7815	7113	256	1144	3313	965	292	7056	5407	1088
1912	6258	6002	6769	6716	6531	1834	7606	7609	7201
5269	4377	7352	7271	2312	630	1818	4745	3431	5788
3438	4425	4053	7200	2193	492	2887	5157	461	1078
7094	4328	5925	862	3993	7546	5891	4825	3645	7155
2858	503	6900	6619	2532	4881	2754	3975	6025	4845
3153	3235	4834	2002	1855	3771	6546	3852	2702	7646
1909	7784	2342	5959	1853	4714	4557	1780	5560	256
3258	2582	5077	7858	1911	3993	4047	5925	862	6677
5021	2074	7817	2917	6558	5103	3791	5842	5971	3717
1946	3908	2133	788	6881	2040	5314	5283	3311	1737
5138	1377	7027	7967	7836	6149	7774	7304	6885	1176
3553	1346	7628	1596	6261	5092	1237	7937	5899	2680
3544	2954	7295	6296	6640	2731	1475	7590	3248	3876
4297	6930	7940	3354	5527	6989	475	2762	715	4071
6144	7590	4261	261	2696	2247	2856	2621	5133	295
5271	5238	460	2355	2979	2822	3488	3840	5202	1796
487	5380	7437	2688	6102	2591	4768	4837	6151	3459
7134	4148	7336	7297	4673	3419	7581	4009	2342	6072
4696	5101	5584	6550	213	6901	4002	4326	7860	5369
2005	7175	6050	1050	3124	4722	5747	4445	676	4315
3265	5844	287	1803	6165	919	367	6808	5756	6829
4332	1786	1595	7476	4214	4487	2265	2209	6051	153
7342	2874	1366	4344	6559	4080	1047	4673	6186	7297
7913	5433	7185	7848	2665	2263	2583	3462	2634	6504
3019	3691	4363	1869	7697	724	6369	3297	3313	5950
2566	74	3107	4881	6866	6880	3027	7174	5093	1532
194	904	3490	1483	5509	950	3548	3178	2219	6991
7190	4756	2694	6000	1018	7341	6308	7486	4215	2266
6849	2491	1659	5606	810	759	7905	4228	4583	2569
7783	2988	7603	4921	919	3181	3421	3160	1432	2512
4037	3159	1416	801	5263	2317	1637	4751	7894	7226
3364	3756	6943	1629	5136	3044	1062	3141	3229	3309
4818	3171	330	4945	5103	6003	5866	3149	490	7781
1165	2010	5831	1491	6064	6427	7717	4371	1429	212
5569	5567	1302	2884	7884	7832	7391	2662	71	426
2919	4045	1989	6445	7840	5170	1738	622	1754	1604
7328	5858	1691	7900	1216	2414	3748	2947	7781	4601
4465	4639	2873	7494	159	3672	1319	3858	4193	4875
2266	7228	6749	7834	1210	843	1566	5565	864	7157
1299	6569	5821	1275	1571	370	1650	5590	7148	7104
2443	5318	6209	7803	1596	5092	955	367	1346	6966
48	1580	7115	5429	1006	7529	5962	5634	1190	905
2433	5131	152	3834	4495	3938	5626	6839	1321	7897
4107	3905	3490	3110	389	7758	5432	2285	4731	552
7069	5898	3886	647	6917	3759	7698	3019	1456	7214
2655	5210	7172	298	2546	4518	4966	6320	2866	2796
5100	7200	7427	2408	6517	2160	1377	3201	4982	3782
3366	102	885	6227	309	679	1110	1788	912	2519
6716	4832	3360	3184	1834	102	5632	1110	1409	3424
4556	286	1256	4371	3590	2010	6281	6561	1504	2942
3314	7291	2883	1782	3087	6414	6432	5899	7450	5006
6592	7118	2159	4055	5325	4796	2450	3308	5467	3242
3247	473	3180	7401	986	185	5207	7638	4050	5665
76	1753	1088	4551	5682	4417	5046	5216	721	6895
198	5133	5912	3982	1486	2087	7037	1440	6445	4133
3521	2248	4773	7263	7788	1219	2884	6081	2389	5378
4158	4807	1851	3571	7961	3708	494	7249	2373	7196
3227	4688	3570	2619	7767	2176	7271	3541	4036	6688
4368	5808	2705	3598	6939	845	4647	3928	2679	1838
4882	5632	1	3853	7017	6479	3717	3828	5078	2708
3996	6763	2116	5204	7499	7148	5986	5821	4801	5749
1793	1996	623	1102	2764	1958	4637	1800	3191	2324
6661	581	5369	2570	2979	3796	4140	5034	107	5202
4416	1703	2570	7834	3758	3907	5293	6369	5565	107
5952	1894	45	6589	4195	6398	883	2424	1021	6876
3985	1802	1193	150	2498	2929	1964	3157	4473	6773
2365	6365	6080	2834	5672	4933	7378	1253	6945	5655
7577	2456	1300	4121	3102	1570	3302	5276	2969	7697
1164	3184	33	6709	6918	3424	6090	3324	4113	109
5533	5771	6268	6870	1816	5658	5792	5345	6986	6260
7949	4343	6693	2759	1839	7024	2034	4794	4690	3839
4343	2034	3089	7949	2932	4690	2348	6445	4794	2759
6463	2667	6371	4793	4867	6110	4900	571	6494	1956
3964	1138	2033	7549	4888	1667	6742	5764	1416	4954
7024	1101	3535	4077	3839	2688	5425	4343	307	6693
663	4251	3510	2437	6832	5032	4590	7934	5240	2563
2456	5231	2320	3306	4950	2371	6751	3168	5482	3295
3928	6501	5808	845	7807	7994	592	7034	2705	6191
6984	2937	2097	6805	1133	2199	2599	3396	2100	1555
2119	3544	441	7295	7949	5847	1738	2021	1839	2288
3634	631	6974	5720	559	651	773	1602	6879	2641
5863	7879	6357	6117	1172	2444	2904	5429	322	4593
1060	7676	625	6718	1362	786	4937	3957	2958	7025
5646	7459	5453	3562	6502	4148	273	2833	7938	2086
6953	1301	1914	4690	547	7735	4184	2995	6978	1034
417	5113	7015	4262	3421	919	7021	3993	1900	1064
5376	5084	4660	6975	1935	1989	2700	1742	3851	6193
6379	7289	6730	309	686	7993	5084	3851	5936	604
5772	6481	4205	756	82	968	1699	5932	2121	343
4090	2166	5553	7114	6141	1519	6010	550	7323	7137
904	194	950	5509	2219	1483	5762	193	7393	6991
7267	1879	2699	3986	3150	4081	3779	2939	1586	3709
3620	4657	4515	5106	1420	1130	2213	4963	3220	6119
7115	4930	6119	4580	2741	6863	5251	4562	2691	3977
6733	2189	1314	7072	6510	3985	6988	1193	3225	929
4054	20	3499	1953	1207	4692	2108	2878	1808	538
152	2433	6839	2940	996	5131	1807	1317	4949	1321
2198	910	1112	3256	2286	6629	6293	3255	6524	3272
3870	1315	3635	5706	7185	2339	7457	12	6459	4008
352	6066	129	1297	3162	3561	490	7328	716	6706
4690	4182	3106	728	7211	6899	5995	2422	1256	3328
166	5878	4249	6000	4301	5083	3568	5582	1057	6138
7606	4745	4164	1818	2790	1491	6244	286	1429	6970
7521	4532	7603	6900	6688	2185	4408	5752	5178	1121
3239	4641	4098	4152	13	1698	4894	1119	6775	6796
1361	4106	57	2834	1350	1220	5573	2205	1705	7357
268	151	6596	244	5118	251	796	4230	929	6816
7076	7638	5268	4728	7730	4146	1411	3832	7401	2792
7085	4396	4096	2923	380	177	5858	4928	1960	458
3261	3447	2417	6258	7849	109	6958	6002	2078	1912
5379	3946	6309	1300	3076	7400	7697	5683	143	7984
4221	435	1578	7855	4576	975	4277	1747	382	5939
6403	5599	2377	4364	6681	1125	5682	6372	7829	984
7550	3175	2502	7118	6561	1730	4745	7225	1818	5325
2379	4480	1111	364	895	5774	6256	7560	509	7971
4105	2785	2988	5191	758	2634	2263	490	219	7550
5359	3889	7896	6003	3171	1250	4818	679	4815	6500
2151	1680	278	560	6943	7941	6815	6038	7631	5083
3390	1810	3650	6327	1764	2802	4404	2316	4654	1591